 5.00000000e-06  9.00097653e-01  3.25658763e-01  9.04890595e-01  3.59851589e-01 
 5.26920195e-06  9.00098955e-01  3.38709024e-01  9.04957380e-01  3.75349346e-01 
 5.80760585e-06  9.00100685e-01  3.58161885e-01  9.05040163e-01  3.97616853e-01 
 6.88441364e-06  9.00102355e-01  3.82300776e-01  9.05111259e-01  4.23954230e-01 
 9.03802923e-06  9.00103244e-01  4.08306247e-01  9.05135905e-01  4.50652490e-01 
 1.22346590e-05  9.00102641e-01  4.26845917e-01  9.05087691e-01  4.67597495e-01 
 1.82597871e-05  9.00099910e-01  4.42671369e-01  9.04933010e-01  4.79075904e-01 
 2.83056675e-05  9.00094190e-01  4.53175313e-01  9.04633723e-01  4.83013254e-01 
 4.82317032e-05  9.00081611e-01  4.54863350e-01  9.04008194e-01  4.78211548e-01 
 8.10386537e-05  9.00060457e-01  4.50500739e-01  9.02984337e-01  4.72819688e-01 
 1.41223207e-04  9.00022326e-01  4.53347809e-01  9.01134419e-01  4.73660322e-01 
 2.61592313e-04  8.99946718e-01  4.70664133e-01  8.97447793e-01  4.80231271e-01 
 5.00000000e-04  8.99795841e-01  4.87618604e-01  8.90113776e-01  4.78800864e-01 
 5.24073821e-04  8.99780507e-01  4.87378089e-01  8.89370536e-01  4.77370053e-01 
 5.72221464e-04  8.99749810e-01  4.86342563e-01  8.87885020e-01  4.74864970e-01 
 6.68516749e-04  8.99688445e-01  4.84865012e-01  8.84919039e-01  4.71686104e-01 
 8.61107318e-04  8.99566006e-01  4.87825754e-01  8.78998255e-01  4.68771218e-01 
 1.24628846e-03  8.99320668e-01  4.84192452e-01  8.67153908e-01  4.56768665e-01 
 1.74628846e-03  8.99002284e-01  4.81129850e-01  8.51808426e-01  4.43703879e-01 
 2.24628846e-03  8.98684095e-01  4.81731589e-01  8.36492025e-01  4.31714617e-01 
 2.74628846e-03  8.98365900e-01  4.81985569e-01  8.21200872e-01  4.19255762e-01 
 3.24628846e-03  8.98047692e-01  4.81757430e-01  8.05935848e-01  4.06732821e-01 
 3.74628846e-03  8.97729493e-01  4.81462797e-01  7.90697193e-01  3.94278743e-01 
 4.24628846e-03  8.97411307e-01  4.81188469e-01  7.75484794e-01  3.81871422e-01 
 4.74628846e-03  8.97093132e-01  4.80925373e-01  7.60298578e-01  3.69502354e-01 
 5.00000000e-03  8.96931688e-01  4.80793116e-01  7.52602745e-01  3.63241326e-01 
 5.00001000e-03  8.96931694e-01  4.80793112e-01  7.52603044e-01  3.63241174e-01 
 5.00003000e-03  8.96931706e-01  4.80793102e-01  7.52603571e-01  3.63240861e-01 
 5.00005292e-03  8.96931662e-01  4.80793089e-01  7.52601516e-01  3.63240084e-01 
 5.00007409e-03  8.96928832e-01  4.80792954e-01  7.53305209e-01  3.63350697e-01 
 5.00008818e-03  8.96930186e-01  4.80793007e-01  7.54363592e-01  3.63518141e-01 
 5.00010000e-03  8.96931926e-01  4.80793078e-01  7.55369094e-01  3.63678212e-01 
 5.00010155e-03  8.96932160e-01  4.80793087e-01  7.55506907e-01  3.63700227e-01 
 5.00010464e-03  8.96932631e-01  4.80793106e-01  7.55782617e-01  3.63744324e-01 
 5.00011082e-03  8.96933572e-01  4.80793144e-01  7.56333957e-01  3.63832739e-01 
 5.00012319e-03  8.96935455e-01  4.80793221e-01  7.57436247e-01  3.64010458e-01 
 5.00014793e-03  8.96939217e-01  4.80793373e-01  7.59639235e-01  3.64369503e-01 
 5.00019740e-03  8.96946728e-01  4.80793680e-01  7.64038582e-01  3.65102345e-01 
 5.00029635e-03  8.96961696e-01  4.80794304e-01  7.72808282e-01  3.66629650e-01 
 5.00049425e-03  8.96991417e-01  4.80795598e-01  7.90203050e-01  3.69952423e-01 
 5.00089006e-03  8.97050013e-01  4.80798378e-01  8.23878111e-01  3.77795235e-01 
 5.00168166e-03  8.97163896e-01  4.80804686e-01  8.74296229e-01  3.95678520e-01 
 5.00326486e-03  8.97379052e-01  4.80820024e-01  9.04252107e-01  4.20448911e-01 
 5.00511311e-03  8.97610251e-01  4.80841970e-01  9.04042394e-01  4.36526979e-01 
 5.00732480e-03  8.97860921e-01  4.80873011e-01  9.00858356e-01  4.48299893e-01 
 5.01105555e-03  8.98227520e-01  4.80934102e-01  8.99809210e-01  4.60307577e-01 
 5.01851704e-03  8.98792198e-01  4.81074228e-01  8.99903553e-01  4.71831143e-01 
 5.03344003e-03  8.99477161e-01  4.81363559e-01  8.99986850e-01  4.78344173e-01 
 5.06252182e-03  8.99998512e-01  4.81823021e-01  8.99988719e-01  4.78056840e-01 
 5.11584790e-03  9.00132793e-01  4.82339962e-01  8.99987602e-01  4.77398549e-01 
 5.22250007e-03  9.00046582e-01  4.82874586e-01  8.99987660e-01  4.82007913e-01 
 5.43580439e-03  8.99986266e-01  4.83296890e-01  8.99987583e-01  4.85447488e-01 
 5.50010000e-03  8.99986296e-01  4.83309286e-01  8.99987567e-01  4.84660061e-01 
 5.50011000e-03  8.99986292e-01  4.83309283e-01  8.99987328e-01  4.84659836e-01 
 5.50013000e-03  8.99986272e-01  4.83309278e-01  8.99986334e-01  4.84659308e-01 
 5.50017000e-03  8.99986012e-01  4.83309258e-01  8.99974573e-01  4.84656761e-01 
 5.50020000e-03  8.99990661e-01  4.83309455e-01  9.00199544e-01  4.84690485e-01 
 5.50020800e-03  8.99991076e-01  4.83309471e-01  9.00219674e-01  4.84693418e-01 
 5.50022400e-03  8.99991227e-01  4.83309474e-01  9.00226983e-01  4.84694277e-01 
 5.50024287e-03  8.99991215e-01  4.83309470e-01  9.00226404e-01  4.84693910e-01 
 5.50026308e-03  8.99991195e-01  4.83309465e-01  9.00225428e-01  4.84693484e-01 
 5.50030334e-03  8.99991168e-01  4.83309457e-01  9.00224132e-01  4.84692784e-01 
 5.50038386e-03  8.99991118e-01  4.83309442e-01  9.00221665e-01  4.84691509e-01 
 5.50054490e-03  8.99991015e-01  4.83309411e-01  9.00216704e-01  4.84689096e-01 
 5.50086697e-03  8.99990810e-01  4.83309349e-01  9.00206781e-01  4.84684253e-01 
 5.50151113e-03  8.99990400e-01  4.83309222e-01  9.00186933e-01  4.84673948e-01 
 5.50279944e-03  8.99989580e-01  4.83308951e-01  9.00147232e-01  4.84650923e-01 
 5.50537606e-03  8.99987940e-01  4.83308351e-01  9.00067810e-01  4.84596561e-01 
 5.51052929e-03  8.99984660e-01  4.83306930e-01  8.99908918e-01  4.84462545e-01 
 5.52083576e-03  8.99978099e-01  4.83303359e-01  8.99591015e-01  4.84135836e-01 
 5.54144870e-03  8.99964978e-01  4.83294197e-01  8.98955081e-01  4.83413783e-01 
 5.58267458e-03  8.99938736e-01  4.83272102e-01  8.97683564e-01  4.82059565e-01 
 5.66512633e-03  8.99886252e-01  4.83225432e-01  8.95142126e-01  4.79784835e-01 
 5.83002985e-03  8.99781284e-01  4.83136042e-01  8.90062510e-01  4.75672901e-01 
 6.15983687e-03  8.99571353e-01  4.82963114e-01  8.79911964e-01  4.67400595e-01 
 6.65983687e-03  8.99253100e-01  4.82701913e-01  8.64545359e-01  4.54760956e-01 
 7.15983687e-03  8.98934859e-01  4.82440413e-01  8.49205489e-01  4.42161548e-01 
 7.65983687e-03  8.98616629e-01  4.82178798e-01  8.33892212e-01  4.29606646e-01 
 8.15983687e-03  8.98298410e-01  4.81917166e-01  8.18605389e-01  4.17089580e-01 
 8.65983687e-03  8.97980203e-01  4.81655546e-01  8.03344926e-01  4.04610268e-01 
 9.15983687e-03  8.97662008e-01  4.81393947e-01  7.88110749e-01  3.92169406e-01 
 9.65983687e-03  8.97343825e-01  4.81132370e-01  7.72902798e-01  3.79767408e-01 
 1.01598369e-02  8.97025653e-01  4.80870818e-01  7.57721025e-01  3.67404635e-01 
 1.06598369e-02  8.96707493e-01  4.80609298e-01  7.42565386e-01  3.55081359e-01 
 1.11598369e-02  8.96389344e-01  4.80347820e-01  7.27435840e-01  3.42797593e-01 
 1.16598369e-02  8.96071207e-01  4.80086405e-01  7.12332350e-01  3.30552927e-01 
 1.21598369e-02  8.95753082e-01  4.79825083e-01  6.97254881e-01  3.18346955e-01 
 1.26598369e-02  8.95434968e-01  4.79563902e-01  6.82203423e-01  3.06188539e-01 
 1.31598369e-02  8.95116866e-01  4.79302925e-01  6.67178764e-01  2.94422364e-01 
 1.36598369e-02  8.94798776e-01  4.79042212e-01  6.52178382e-01  2.81999700e-01 
 1.41598369e-02  8.94480697e-01  4.78781769e-01  6.37203969e-01  2.69644113e-01 
 1.46598369e-02  8.94162630e-01  4.78521463e-01  6.22256386e-01  2.57726516e-01 
 1.51598369e-02  8.93844574e-01  4.78260936e-01  6.07334453e-01  2.45762823e-01 
 1.56598369e-02  8.93526530e-01  4.77999870e-01  5.92438316e-01  2.33823142e-01 
 1.61598369e-02  8.93208497e-01  4.77738050e-01  5.77567990e-01  2.21922641e-01 
 1.66598369e-02  8.92890476e-01  4.77475667e-01  5.62723458e-01  2.10061846e-01 
 1.71598369e-02  8.92572467e-01  4.77213126e-01  5.47904705e-01  1.98241280e-01 
 1.76598369e-02  8.92254469e-01  4.76950766e-01  5.33111721e-01  1.86461879e-01 
 1.81598369e-02  8.91936482e-01  4.76688729e-01  5.18344498e-01  1.74724801e-01 
 1.86598369e-02  8.91618508e-01  4.76426990e-01  5.03603034e-01  1.63031534e-01 
 1.91598369e-02  8.91300544e-01  4.76165464e-01  4.88887329e-01  1.51384103e-01 
 1.96598369e-02  8.90982593e-01  4.75904068e-01  4.74197393e-01  1.39785395e-01 
 2.01598369e-02  8.90664653e-01  4.75642749e-01  4.59533244e-01  1.28239706e-01 
 2.06598369e-02  8.90346724e-01  4.75381476e-01  4.44894910e-01  1.16753687e-01 
 2.11598369e-02  8.90028807e-01  4.75120234e-01  4.30282439e-01  1.05338069e-01 
 2.16598369e-02  8.89710902e-01  4.74859014e-01  4.15695900e-01  9.40108884e-02 
 2.21598369e-02  8.89393008e-01  4.74597814e-01  4.01135407e-01  8.28036887e-02 
 2.26598369e-02  8.89075125e-01  4.74336631e-01  3.86601144e-01  7.17733523e-02 
 2.31598369e-02  8.88757255e-01  4.74075464e-01  3.72093414e-01  6.10231405e-02 
 2.36598369e-02  8.88439395e-01  4.73814313e-01  3.57612704e-01  5.07317732e-02 
 2.41598369e-02  8.88121548e-01  4.73553178e-01  3.43159705e-01  4.11664930e-02 
 2.46598369e-02  8.87803711e-01  4.73292058e-01  3.28735151e-01  3.26276707e-02 
 2.51598369e-02  8.87485887e-01  4.73030954e-01  3.14339564e-01  2.53557489e-02 
 2.56598369e-02  8.87168073e-01  4.72769866e-01  2.99972883e-01  1.93435529e-02 
 2.61598369e-02  8.86850272e-01  4.72508793e-01  2.85634903e-01  1.45187515e-02 
 2.66598369e-02  8.86532482e-01  4.72247735e-01  2.71325332e-01  1.07363747e-02 
 2.71598369e-02  8.86214703e-01  4.71986693e-01  2.57043973e-01  7.83299522e-03 
 2.76598369e-02  8.85896936e-01  4.71725667e-01  2.42790823e-01  5.64759258e-03 
 2.81598369e-02  8.85579180e-01  4.71464656e-01  2.28566131e-01  4.02662065e-03 
 2.86598369e-02  8.85261436e-01  4.71203661e-01  2.14370491e-01  2.85111849e-03 
 2.91598369e-02  8.84943703e-01  4.70942681e-01  2.00204865e-01  2.00601378e-03 
 2.96598369e-02  8.84625982e-01  4.70681717e-01  1.86070724e-01  1.40390503e-03 
 3.01598369e-02  8.84308272e-01  4.70420768e-01  1.71970208e-01  9.78254563e-04 
 3.06598369e-02  8.83990574e-01  4.70159835e-01  1.57906403e-01  6.79120734e-04 
 3.11598369e-02  8.83672887e-01  4.69898917e-01  1.43883826e-01  4.69832111e-04 
 3.16598369e-02  8.83355212e-01  4.69638015e-01  1.29909273e-01  3.23908402e-04 
 3.21598369e-02  8.83037548e-01  4.69377128e-01  1.15993370e-01  2.22455429e-04 
 3.26598369e-02  8.82719896e-01  4.69116257e-01  1.02153535e-01  1.52110358e-04 
 3.31598369e-02  8.82402255e-01  4.68855401e-01  8.84199407e-02  1.03487853e-04 
 3.36598369e-02  8.82084626e-01  4.68594561e-01  7.48480516e-02  7.00399293e-05 
 3.41598369e-02  8.81767008e-01  4.68333737e-01  6.15453483e-02  4.72405836e-05 
 3.46598369e-02  8.81449402e-01  4.68072928e-01  4.87234455e-02  3.20118595e-05 
 3.51598369e-02  8.81131807e-01  4.67812134e-01  3.67668168e-02  2.22879175e-05 
 3.56598369e-02  8.80814223e-01  4.67551356e-01  2.62249331e-02  1.65864585e-05 
 3.61598369e-02  8.80496651e-01  4.67290594e-01  1.76125409e-02  1.36385185e-05 
 3.66598369e-02  8.80179091e-01  4.67029847e-01  1.11668619e-02  1.23906952e-05 
 3.71598369e-02  8.79861541e-01  4.66769115e-01  6.71528845e-03  1.19051076e-05 
 3.76598369e-02  8.79544004e-01  4.66508399e-01  3.85260042e-03  1.17543676e-05 
 3.81598369e-02  8.79226477e-01  4.66247699e-01  2.12049727e-03  1.17242738e-05 
 3.86598369e-02  8.78908963e-01  4.65987014e-01  1.12512720e-03  1.17280838e-05 
 3.91598369e-02  8.78591459e-01  4.65726345e-01  5.76981150e-04  1.17348137e-05 
 3.96598369e-02  8.78273967e-01  4.65465691e-01  2.87178159e-04  1.17429494e-05 
 4.01598369e-02  8.77956487e-01  4.65205052e-01  1.40030152e-04  1.17483089e-05 
 4.06598369e-02  8.77639018e-01  4.64944430e-01  6.75085437e-05  1.17503120e-05 
 4.11598369e-02  8.77321560e-01  4.64683822e-01  3.28187262e-05  1.17512208e-05 
 4.16598369e-02  8.77004114e-01  4.64423230e-01  1.67433829e-05  1.17516480e-05 
 4.21598369e-02  8.76686679e-01  4.64162654e-01  9.51578861e-06  1.17517931e-05 
 4.26598369e-02  8.76369256e-01  4.63902093e-01  6.41390890e-06  1.17518882e-05 
 4.31598369e-02  8.76051844e-01  4.63641548e-01  5.16203898e-06  1.17519291e-05 
 4.36598369e-02  8.75734443e-01  4.63381018e-01  4.70149321e-06  1.17519439e-05 
 4.41598369e-02  8.75417054e-01  4.63120504e-01  4.55882519e-06  1.17519484e-05 
 4.46598369e-02  8.75099676e-01  4.62860005e-01  4.53220963e-06  1.17519493e-05 
 4.51598369e-02  8.74782310e-01  4.62599522e-01  4.54096009e-06  1.17519490e-05 
 4.56598369e-02  8.74464955e-01  4.62339054e-01  4.55585211e-06  1.17519485e-05 
 4.61598369e-02  8.74147612e-01  4.62078602e-01  4.56813398e-06  1.17519481e-05 
 4.66598369e-02  8.73830279e-01  4.61818165e-01  4.57640819e-06  1.17519479e-05 
 4.71598369e-02  8.73512959e-01  4.61557743e-01  4.58143887e-06  1.17519477e-05 
 4.76598369e-02  8.73195649e-01  4.61297338e-01  4.58430247e-06  1.17519476e-05 
 4.81598369e-02  8.72878352e-01  4.61036947e-01  4.58585500e-06  1.17519476e-05 
 4.86598369e-02  8.72561065e-01  4.60776573e-01  4.58666380e-06  1.17519475e-05 
 4.91598369e-02  8.72243790e-01  4.60516213e-01  4.58707048e-06  1.17519475e-05 
 4.96598369e-02  8.71926526e-01  4.60255869e-01  4.58726816e-06  1.17519475e-05 
 5.01598369e-02  8.71609274e-01  4.59995541e-01  4.58736097e-06  1.17519475e-05 
 5.06598369e-02  8.71292033e-01  4.59735228e-01  4.58740292e-06  1.17519475e-05 
 5.11598369e-02  8.70974803e-01  4.59474931e-01  4.58742105e-06  1.17519475e-05 
 5.16598369e-02  8.70657585e-01  4.59214649e-01  4.58742843e-06  1.17519475e-05 
 5.21598369e-02  8.70340378e-01  4.58954383e-01  4.58743119e-06  1.17519475e-05 
 5.26598369e-02  8.70023183e-01  4.58694132e-01  4.58743207e-06  1.17519475e-05 
 5.31598369e-02  8.69705999e-01  4.58433896e-01  4.58743225e-06  1.17519475e-05 
 5.36598369e-02  8.69388826e-01  4.58173677e-01  4.58743222e-06  1.17519475e-05 
 5.41598369e-02  8.69071665e-01  4.57913472e-01  4.58743214e-06  1.17519475e-05 
 5.46598369e-02  8.68754515e-01  4.57653283e-01  4.58743207e-06  1.17519475e-05 
 5.51598369e-02  8.68437376e-01  4.57393110e-01  4.58743203e-06  1.17519475e-05 
 5.56598369e-02  8.68120249e-01  4.57132952e-01  4.58743200e-06  1.17519475e-05 
 5.61598369e-02  8.67803133e-01  4.56872810e-01  4.58743198e-06  1.17519475e-05 
 5.66598369e-02  8.67486029e-01  4.56612683e-01  4.58743198e-06  1.17519475e-05 
 5.71598369e-02  8.67168935e-01  4.56352571e-01  4.58743197e-06  1.17519475e-05 
 5.76598369e-02  8.66851854e-01  4.56092475e-01  4.58743197e-06  1.17519475e-05 
 5.81598369e-02  8.66534783e-01  4.55832395e-01  4.58743197e-06  1.17519475e-05 
 5.86598369e-02  8.66217724e-01  4.55572330e-01  4.58743197e-06  1.17519475e-05 
 5.91598369e-02  8.65900676e-01  4.55312280e-01  4.58743197e-06  1.17519475e-05 
 5.96598369e-02  8.65583640e-01  4.55052246e-01  4.58743197e-06  1.17519475e-05 
 6.01598369e-02  8.65266615e-01  4.54792228e-01  4.58743197e-06  1.17519475e-05 
 6.06598369e-02  8.64949601e-01  4.54532225e-01  4.58743197e-06  1.17519475e-05 
 6.11598369e-02  8.64632599e-01  4.54272237e-01  4.58743197e-06  1.17519475e-05 
 6.16598369e-02  8.64315608e-01  4.54012265e-01  4.58743197e-06  1.17519475e-05 
 6.21598369e-02  8.63998628e-01  4.53752309e-01  4.58743197e-06  1.17519475e-05 
 6.26598369e-02  8.63681660e-01  4.53492367e-01  4.58743197e-06  1.17519475e-05 
 6.31598369e-02  8.63364703e-01  4.53232442e-01  4.58743197e-06  1.17519475e-05 
 6.36598369e-02  8.63047757e-01  4.52972532e-01  4.58743197e-06  1.17519475e-05 
 6.41598369e-02  8.62730823e-01  4.52712637e-01  4.58743197e-06  1.17519475e-05 
 6.46598369e-02  8.62413900e-01  4.52452758e-01  4.58743197e-06  1.17519475e-05 
 6.51598369e-02  8.62096988e-01  4.52192894e-01  4.58743197e-06  1.17519475e-05 
 6.56598369e-02  8.61780088e-01  4.51933046e-01  4.58743197e-06  1.17519475e-05 
 6.61598369e-02  8.61463199e-01  4.51673213e-01  4.58743197e-06  1.17519475e-05 
 6.66598369e-02  8.61146321e-01  4.51413396e-01  4.58743197e-06  1.17519475e-05 
 6.71598369e-02  8.60829455e-01  4.51153594e-01  4.58743197e-06  1.17519475e-05 
 6.76598369e-02  8.60512599e-01  4.50893808e-01  4.58743197e-06  1.17519475e-05 
 6.81598369e-02  8.60195756e-01  4.50634037e-01  4.58743197e-06  1.17519475e-05 
 6.86598369e-02  8.59878923e-01  4.50374282e-01  4.58743197e-06  1.17519475e-05 
 6.91598369e-02  8.59562102e-01  4.50114542e-01  4.58743197e-06  1.17519475e-05 
 6.96598369e-02  8.59245292e-01  4.49854818e-01  4.58743197e-06  1.17519475e-05 
 7.01598369e-02  8.58928494e-01  4.49595109e-01  4.58743197e-06  1.17519475e-05 
 7.06598369e-02  8.58611707e-01  4.49335416e-01  4.58743197e-06  1.17519475e-05 
 7.11598369e-02  8.58294931e-01  4.49075738e-01  4.58743197e-06  1.17519475e-05 
 7.16598369e-02  8.57978166e-01  4.48816076e-01  4.58743197e-06  1.17519475e-05 
 7.21598369e-02  8.57661413e-01  4.48556429e-01  4.58743197e-06  1.17519475e-05 
 7.26598369e-02  8.57344671e-01  4.48296797e-01  4.58743197e-06  1.17519475e-05 
 7.31598369e-02  8.57027940e-01  4.48037181e-01  4.58743197e-06  1.17519475e-05 
 7.36598369e-02  8.56711221e-01  4.47777581e-01  4.58743197e-06  1.17519475e-05 
 7.41598369e-02  8.56394513e-01  4.47517996e-01  4.58743197e-06  1.17519475e-05 
 7.46598369e-02  8.56077816e-01  4.47258426e-01  4.58743197e-06  1.17519475e-05 
 7.51598369e-02  8.55761131e-01  4.46998872e-01  4.58743197e-06  1.17519475e-05 
 7.56598369e-02  8.55444456e-01  4.46739334e-01  4.58743197e-06  1.17519475e-05 
 7.61598369e-02  8.55127794e-01  4.46479811e-01  4.58743197e-06  1.17519475e-05 
 7.66598369e-02  8.54811142e-01  4.46220303e-01  4.58743197e-06  1.17519475e-05 
 7.71598369e-02  8.54494502e-01  4.45960811e-01  4.58743197e-06  1.17519475e-05 
 7.76598369e-02  8.54177873e-01  4.45701335e-01  4.58743197e-06  1.17519475e-05 
 7.81598369e-02  8.53861255e-01  4.45441874e-01  4.58743197e-06  1.17519475e-05 
 7.86598369e-02  8.53544649e-01  4.45182428e-01  4.58743197e-06  1.17519475e-05 
 7.91598369e-02  8.53228053e-01  4.44922998e-01  4.58743197e-06  1.17519475e-05 
 7.96598369e-02  8.52911470e-01  4.44663583e-01  4.58743197e-06  1.17519475e-05 
 8.01598369e-02  8.52594897e-01  4.44404184e-01  4.58743197e-06  1.17519475e-05 
 8.06598369e-02  8.52278336e-01  4.44144800e-01  4.58743197e-06  1.17519475e-05 
 8.11598369e-02  8.51961786e-01  4.43885432e-01  4.58743197e-06  1.17519475e-05 
 8.16598369e-02  8.51645247e-01  4.43626079e-01  4.58743197e-06  1.17519475e-05 
 8.21598369e-02  8.51328719e-01  4.43366742e-01  4.58743197e-06  1.17519475e-05 
 8.26598369e-02  8.51012203e-01  4.43107420e-01  4.58743197e-06  1.17519475e-05 
 8.31598369e-02  8.50695698e-01  4.42848114e-01  4.58743197e-06  1.17519475e-05 
 8.36598369e-02  8.50379205e-01  4.42588823e-01  4.58743197e-06  1.17519475e-05 
 8.41598369e-02  8.50062722e-01  4.42329548e-01  4.58743197e-06  1.17519475e-05 
 8.46598369e-02  8.49746251e-01  4.42070288e-01  4.58743197e-06  1.17519475e-05 
 8.51598369e-02  8.49429791e-01  4.41811044e-01  4.58743197e-06  1.17519475e-05 
 8.56598369e-02  8.49113343e-01  4.41551815e-01  4.58743197e-06  1.17519475e-05 
 8.61598369e-02  8.48796905e-01  4.41292602e-01  4.58743197e-06  1.17519475e-05 
 8.66598369e-02  8.48480479e-01  4.41033404e-01  4.58743197e-06  1.17519475e-05 
 8.71598369e-02  8.48164064e-01  4.40774221e-01  4.58743197e-06  1.17519475e-05 
 8.76598369e-02  8.47847661e-01  4.40515054e-01  4.58743197e-06  1.17519475e-05 
 8.81598369e-02  8.47531269e-01  4.40255903e-01  4.58743197e-06  1.17519475e-05 
 8.86598369e-02  8.47214888e-01  4.39996767e-01  4.58743197e-06  1.17519475e-05 
 8.91598369e-02  8.46898518e-01  4.39737647e-01  4.58743197e-06  1.17519475e-05 
 8.96598369e-02  8.46582159e-01  4.39478542e-01  4.58743197e-06  1.17519475e-05 
 9.01598369e-02  8.46265812e-01  4.39219452e-01  4.58743197e-06  1.17519475e-05 
 9.06598369e-02  8.45949476e-01  4.38960378e-01  4.58743197e-06  1.17519475e-05 
 9.11598369e-02  8.45633151e-01  4.38701320e-01  4.58743197e-06  1.17519475e-05 
 9.16598369e-02  8.45316838e-01  4.38442277e-01  4.58743197e-06  1.17519475e-05 
 9.21598369e-02  8.45000536e-01  4.38183249e-01  4.58743197e-06  1.17519475e-05 
 9.26598369e-02  8.44684245e-01  4.37924237e-01  4.58743197e-06  1.17519475e-05 
 9.31598369e-02  8.44367965e-01  4.37665240e-01  4.58743197e-06  1.17519475e-05 
 9.36598369e-02  8.44051696e-01  4.37406259e-01  4.58743197e-06  1.17519475e-05 
 9.41598369e-02  8.43735439e-01  4.37147294e-01  4.58743197e-06  1.17519475e-05 
 9.46598369e-02  8.43419193e-01  4.36888344e-01  4.58743197e-06  1.17519475e-05 
 9.51598369e-02  8.43102958e-01  4.36629409e-01  4.58743197e-06  1.17519475e-05 
 9.56598369e-02  8.42786735e-01  4.36370490e-01  4.58743197e-06  1.17519475e-05 
 9.61598369e-02  8.42470523e-01  4.36111586e-01  4.58743197e-06  1.17519475e-05 
 9.66598369e-02  8.42154322e-01  4.35852698e-01  4.58743197e-06  1.17519475e-05 
 9.71598369e-02  8.41838132e-01  4.35593826e-01  4.58743197e-06  1.17519475e-05 
 9.76598369e-02  8.41521953e-01  4.35334968e-01  4.58743197e-06  1.17519475e-05 
 9.81598369e-02  8.41205786e-01  4.35076127e-01  4.58743197e-06  1.17519475e-05 
 9.86598369e-02  8.40889630e-01  4.34817301e-01  4.58743197e-06  1.17519475e-05 
 9.91598369e-02  8.40573485e-01  4.34558490e-01  4.58743197e-06  1.17519475e-05 
 9.96598369e-02  8.40257351e-01  4.34299695e-01  4.58743197e-06  1.17519475e-05 
 1.00159837e-01  8.39941229e-01  4.34040915e-01  4.58743197e-06  1.17519475e-05 
 1.00659837e-01  8.39625118e-01  4.33782151e-01  4.58743197e-06  1.17519475e-05 
 1.01159837e-01  8.39309018e-01  4.33523402e-01  4.58743197e-06  1.17519475e-05 
 1.01659837e-01  8.38992929e-01  4.33264669e-01  4.58743197e-06  1.17519475e-05 
 1.02159837e-01  8.38676852e-01  4.33005951e-01  4.58743197e-06  1.17519475e-05 
 1.02659837e-01  8.38360785e-01  4.32747249e-01  4.58743197e-06  1.17519475e-05 
 1.03159837e-01  8.38044730e-01  4.32488562e-01  4.58743197e-06  1.17519475e-05 
 1.03659837e-01  8.37728687e-01  4.32229891e-01  4.58743197e-06  1.17519475e-05 
 1.04159837e-01  8.37412654e-01  4.31971235e-01  4.58743197e-06  1.17519475e-05 
 1.04659837e-01  8.37096633e-01  4.31712595e-01  4.58743197e-06  1.17519475e-05 
 1.05159837e-01  8.36780623e-01  4.31453970e-01  4.58743197e-06  1.17519475e-05 
 1.05659837e-01  8.36464624e-01  4.31195361e-01  4.58743197e-06  1.17519475e-05 
 1.06159837e-01  8.36148636e-01  4.30936768e-01  4.58743197e-06  1.17519475e-05 
 1.06659837e-01  8.35832660e-01  4.30678189e-01  4.58743197e-06  1.17519475e-05 
 1.07159837e-01  8.35516694e-01  4.30419627e-01  4.58743197e-06  1.17519475e-05 
 1.07659837e-01  8.35200740e-01  4.30161079e-01  4.58743197e-06  1.17519475e-05 
 1.08159837e-01  8.34884798e-01  4.29902548e-01  4.58743197e-06  1.17519475e-05 
 1.08659837e-01  8.34568866e-01  4.29644031e-01  4.58743197e-06  1.17519475e-05 
 1.09159837e-01  8.34252946e-01  4.29385531e-01  4.58743197e-06  1.17519475e-05 
 1.09659837e-01  8.33937036e-01  4.29127045e-01  4.58743197e-06  1.17519475e-05 
 1.10159837e-01  8.33621138e-01  4.28868576e-01  4.58743197e-06  1.17519475e-05 
 1.10659837e-01  8.33305252e-01  4.28610121e-01  4.58743197e-06  1.17519475e-05 
 1.11159837e-01  8.32989376e-01  4.28351683e-01  4.58743197e-06  1.17519475e-05 
 1.11659837e-01  8.32673512e-01  4.28093260e-01  4.58743197e-06  1.17519475e-05 
 1.12159837e-01  8.32357659e-01  4.27834852e-01  4.58743197e-06  1.17519475e-05 
 1.12659837e-01  8.32041817e-01  4.27576460e-01  4.58743197e-06  1.17519475e-05 
 1.13159837e-01  8.31725986e-01  4.27318083e-01  4.58743197e-06  1.17519475e-05 
 1.13659837e-01  8.31410167e-01  4.27059722e-01  4.58743197e-06  1.17519475e-05 
 1.14159837e-01  8.31094358e-01  4.26801376e-01  4.58743197e-06  1.17519475e-05 
 1.14659837e-01  8.30778561e-01  4.26543046e-01  4.58743197e-06  1.17519475e-05 
 1.15159837e-01  8.30462775e-01  4.26284731e-01  4.58743197e-06  1.17519475e-05 
 1.15659837e-01  8.30147001e-01  4.26026432e-01  4.58743197e-06  1.17519475e-05 
 1.16159837e-01  8.29831237e-01  4.25768148e-01  4.58743197e-06  1.17519475e-05 
 1.16659837e-01  8.29515485e-01  4.25509880e-01  4.58743197e-06  1.17519475e-05 
 1.17159837e-01  8.29199744e-01  4.25251628e-01  4.58743197e-06  1.17519475e-05 
 1.17659837e-01  8.28884014e-01  4.24993390e-01  4.58743197e-06  1.17519475e-05 
 1.18159837e-01  8.28568295e-01  4.24735169e-01  4.58743197e-06  1.17519475e-05 
 1.18659837e-01  8.28252588e-01  4.24476963e-01  4.58743197e-06  1.17519475e-05 
 1.19159837e-01  8.27936891e-01  4.24218772e-01  4.58743197e-06  1.17519475e-05 
 1.19659837e-01  8.27621206e-01  4.23960597e-01  4.58743197e-06  1.17519475e-05 
 1.20159837e-01  8.27305532e-01  4.23702438e-01  4.58743197e-06  1.17519475e-05 
 1.20659837e-01  8.26989870e-01  4.23444293e-01  4.58743197e-06  1.17519475e-05 
 1.21159837e-01  8.26674218e-01  4.23186165e-01  4.58743197e-06  1.17519475e-05 
 1.21659837e-01  8.26358578e-01  4.22928052e-01  4.58743197e-06  1.17519475e-05 
 1.22159837e-01  8.26042948e-01  4.22669954e-01  4.58743197e-06  1.17519475e-05 
 1.22659837e-01  8.25727331e-01  4.22411872e-01  4.58743197e-06  1.17519475e-05 
 1.23159837e-01  8.25411724e-01  4.22153806e-01  4.58743197e-06  1.17519475e-05 
 1.23659837e-01  8.25096128e-01  4.21895755e-01  4.58743197e-06  1.17519475e-05 
 1.24159837e-01  8.24780544e-01  4.21637720e-01  4.58743197e-06  1.17519475e-05 
 1.24659837e-01  8.24464971e-01  4.21379700e-01  4.58743197e-06  1.17519475e-05 
 1.25159837e-01  8.24149409e-01  4.21121695e-01  4.58743197e-06  1.17519475e-05 
 1.25659837e-01  8.23833858e-01  4.20863706e-01  4.58743197e-06  1.17519475e-05 
 1.26159837e-01  8.23518318e-01  4.20605733e-01  4.58743197e-06  1.17519475e-05 
 1.26659837e-01  8.23202790e-01  4.20347775e-01  4.58743197e-06  1.17519475e-05 
 1.27159837e-01  8.22887272e-01  4.20089833e-01  4.58743197e-06  1.17519475e-05 
 1.27659837e-01  8.22571766e-01  4.19831906e-01  4.58743197e-06  1.17519475e-05 
 1.28159837e-01  8.22256271e-01  4.19573995e-01  4.58743197e-06  1.17519475e-05 
 1.28659837e-01  8.21940788e-01  4.19316099e-01  4.58743197e-06  1.17519475e-05 
 1.29159837e-01  8.21625315e-01  4.19058219e-01  4.58743197e-06  1.17519475e-05 
 1.29659837e-01  8.21309854e-01  4.18800354e-01  4.58743197e-06  1.17519475e-05 
 1.30159837e-01  8.20994403e-01  4.18542505e-01  4.58743197e-06  1.17519475e-05 
 1.30659837e-01  8.20678964e-01  4.18284672e-01  4.58743197e-06  1.17519475e-05 
 1.31159837e-01  8.20363536e-01  4.18026853e-01  4.58743197e-06  1.17519475e-05 
 1.31659837e-01  8.20048120e-01  4.17769051e-01  4.58743197e-06  1.17519475e-05 
 1.32159837e-01  8.19732714e-01  4.17511264e-01  4.58743197e-06  1.17519475e-05 
 1.32659837e-01  8.19417320e-01  4.17253492e-01  4.58743197e-06  1.17519475e-05 
 1.33159837e-01  8.19101937e-01  4.16995736e-01  4.58743197e-06  1.17519475e-05 
 1.33659837e-01  8.18786565e-01  4.16737996e-01  4.58743197e-06  1.17519475e-05 
 1.34159837e-01  8.18471204e-01  4.16480271e-01  4.58743197e-06  1.17519475e-05 
 1.34659837e-01  8.18155854e-01  4.16222562e-01  4.58743197e-06  1.17519475e-05 
 1.35159837e-01  8.17840516e-01  4.15964868e-01  4.58743197e-06  1.17519475e-05 
 1.35659837e-01  8.17525189e-01  4.15707190e-01  4.58743197e-06  1.17519475e-05 
 1.36159837e-01  8.17209872e-01  4.15449527e-01  4.58743197e-06  1.17519475e-05 
 1.36659837e-01  8.16894568e-01  4.15191880e-01  4.58743197e-06  1.17519475e-05 
 1.37159837e-01  8.16579274e-01  4.14934248e-01  4.58743197e-06  1.17519475e-05 
 1.37659837e-01  8.16263991e-01  4.14676632e-01  4.58743197e-06  1.17519475e-05 
 1.38159837e-01  8.15948720e-01  4.14419031e-01  4.58743197e-06  1.17519475e-05 
 1.38659837e-01  8.15633459e-01  4.14161446e-01  4.58743197e-06  1.17519475e-05 
 1.39159837e-01  8.15318210e-01  4.13903876e-01  4.58743197e-06  1.17519475e-05 
 1.39659837e-01  8.15002972e-01  4.13646322e-01  4.58743197e-06  1.17519475e-05 
 1.40159837e-01  8.14687745e-01  4.13388784e-01  4.58743197e-06  1.17519475e-05 
 1.40659837e-01  8.14372530e-01  4.13131261e-01  4.58743197e-06  1.17519475e-05 
 1.41159837e-01  8.14057325e-01  4.12873754e-01  4.58743197e-06  1.17519475e-05 
 1.41659837e-01  8.13742132e-01  4.12616262e-01  4.58743197e-06  1.17519475e-05 
 1.42159837e-01  8.13426950e-01  4.12358786e-01  4.58743197e-06  1.17519475e-05 
 1.42659837e-01  8.13111779e-01  4.12101325e-01  4.58743197e-06  1.17519475e-05 
 1.43159837e-01  8.12796619e-01  4.11843880e-01  4.58743197e-06  1.17519475e-05 
 1.43659837e-01  8.12481470e-01  4.11586450e-01  4.58743197e-06  1.17519475e-05 
 1.44159837e-01  8.12166333e-01  4.11329036e-01  4.58743197e-06  1.17519475e-05 
 1.44659837e-01  8.11851206e-01  4.11071637e-01  4.58743197e-06  1.17519475e-05 
 1.45159837e-01  8.11536091e-01  4.10814254e-01  4.58743197e-06  1.17519475e-05 
 1.45659837e-01  8.11220987e-01  4.10556887e-01  4.58743197e-06  1.17519475e-05 
 1.46159837e-01  8.10905894e-01  4.10299535e-01  4.58743197e-06  1.17519475e-05 
 1.46659837e-01  8.10590812e-01  4.10042199e-01  4.58743197e-06  1.17519475e-05 
 1.47159837e-01  8.10275742e-01  4.09784878e-01  4.58743197e-06  1.17519475e-05 
 1.47659837e-01  8.09960682e-01  4.09527573e-01  4.58743197e-06  1.17519475e-05 
 1.48159837e-01  8.09645634e-01  4.09270283e-01  4.58743197e-06  1.17519475e-05 
 1.48659837e-01  8.09330597e-01  4.09013009e-01  4.58743197e-06  1.17519475e-05 
 1.49159837e-01  8.09015571e-01  4.08755750e-01  4.58743197e-06  1.17519475e-05 
 1.49659837e-01  8.08700556e-01  4.08498507e-01  4.58743197e-06  1.17519475e-05 
 1.50159837e-01  8.08385553e-01  4.08241280e-01  4.58743197e-06  1.17519475e-05 
 1.50659837e-01  8.08070560e-01  4.07984068e-01  4.58743197e-06  1.17519475e-05 
 1.51159837e-01  8.07755579e-01  4.07726872e-01  4.58743197e-06  1.17519475e-05 
 1.51659837e-01  8.07440608e-01  4.07469691e-01  4.58743197e-06  1.17519475e-05 
 1.52159837e-01  8.07125649e-01  4.07212526e-01  4.58743197e-06  1.17519475e-05 
 1.52659837e-01  8.06810701e-01  4.06955376e-01  4.58743197e-06  1.17519475e-05 
 1.53159837e-01  8.06495765e-01  4.06698242e-01  4.58743197e-06  1.17519475e-05 
 1.53659837e-01  8.06180839e-01  4.06441123e-01  4.58743197e-06  1.17519475e-05 
 1.54159837e-01  8.05865924e-01  4.06184020e-01  4.58743197e-06  1.17519475e-05 
 1.54659837e-01  8.05551021e-01  4.05926933e-01  4.58743197e-06  1.17519475e-05 
 1.55159837e-01  8.05236129e-01  4.05669861e-01  4.58743197e-06  1.17519475e-05 
 1.55659837e-01  8.04921248e-01  4.05412805e-01  4.58743197e-06  1.17519475e-05 
 1.56159837e-01  8.04606378e-01  4.05155764e-01  4.58743197e-06  1.17519475e-05 
 1.56659837e-01  8.04291519e-01  4.04898739e-01  4.58743197e-06  1.17519475e-05 
 1.57159837e-01  8.03976672e-01  4.04641730e-01  4.58743197e-06  1.17519475e-05 
 1.57659837e-01  8.03661835e-01  4.04384736e-01  4.58743197e-06  1.17519475e-05 
 1.58159837e-01  8.03347010e-01  4.04127757e-01  4.58743197e-06  1.17519475e-05 
 1.58659837e-01  8.03032195e-01  4.03870794e-01  4.58743197e-06  1.17519475e-05 
 1.59159837e-01  8.02717392e-01  4.03613847e-01  4.58743197e-06  1.17519475e-05 
 1.59659837e-01  8.02402600e-01  4.03356915e-01  4.58743197e-06  1.17519475e-05 
 1.60159837e-01  8.02087820e-01  4.03099999e-01  4.58743197e-06  1.17519475e-05 
 1.60659837e-01  8.01773050e-01  4.02843099e-01  4.58743197e-06  1.17519475e-05 
 1.61159837e-01  8.01458291e-01  4.02586214e-01  4.58743197e-06  1.17519475e-05 
 1.61659837e-01  8.01143544e-01  4.02329344e-01  4.58743197e-06  1.17519475e-05 
 1.62159837e-01  8.00828808e-01  4.02072491e-01  4.58743197e-06  1.17519475e-05 
 1.62659837e-01  8.00514083e-01  4.01815652e-01  4.58743197e-06  1.17519475e-05 
 1.63159837e-01  8.00199369e-01  4.01558830e-01  4.58743197e-06  1.17519475e-05 
 1.63659837e-01  7.99884666e-01  4.01302023e-01  4.58743197e-06  1.17519475e-05 
 1.64159837e-01  7.99569974e-01  4.01045231e-01  4.58743197e-06  1.17519475e-05 
 1.64659837e-01  7.99255294e-01  4.00788455e-01  4.58743197e-06  1.17519475e-05 
 1.65159837e-01  7.98940624e-01  4.00531695e-01  4.58743197e-06  1.17519475e-05 
 1.65659837e-01  7.98625966e-01  4.00274950e-01  4.58743197e-06  1.17519475e-05 
 1.66159837e-01  7.98311319e-01  4.00018221e-01  4.58743197e-06  1.17519475e-05 
 1.66659837e-01  7.97996683e-01  3.99761508e-01  4.58743197e-06  1.17519475e-05 
 1.67159837e-01  7.97682058e-01  3.99504810e-01  4.58743197e-06  1.17519475e-05 
 1.67659837e-01  7.97367444e-01  3.99248127e-01  4.58743197e-06  1.17519475e-05 
 1.68159837e-01  7.97052841e-01  3.98991461e-01  4.58743197e-06  1.17519475e-05 
 1.68659837e-01  7.96738250e-01  3.98734809e-01  4.58743197e-06  1.17519475e-05 
 1.69159837e-01  7.96423669e-01  3.98478174e-01  4.58743197e-06  1.17519475e-05 
 1.69659837e-01  7.96109100e-01  3.98221554e-01  4.58743197e-06  1.17519475e-05 
 1.70159837e-01  7.95794542e-01  3.97964950e-01  4.58743197e-06  1.17519475e-05 
 1.70659837e-01  7.95479995e-01  3.97708361e-01  4.58743197e-06  1.17519475e-05 
 1.71159837e-01  7.95165459e-01  3.97451787e-01  4.58743197e-06  1.17519475e-05 
 1.71659837e-01  7.94850934e-01  3.97195230e-01  4.58743197e-06  1.17519475e-05 
 1.72159837e-01  7.94536420e-01  3.96938688e-01  4.58743197e-06  1.17519475e-05 
 1.72659837e-01  7.94221918e-01  3.96682161e-01  4.58743197e-06  1.17519475e-05 
 1.73159837e-01  7.93907426e-01  3.96425651e-01  4.58743197e-06  1.17519475e-05 
 1.73659837e-01  7.93592946e-01  3.96169155e-01  4.58743197e-06  1.17519475e-05 
 1.74159837e-01  7.93278477e-01  3.95912676e-01  4.58743197e-06  1.17519475e-05 
 1.74659837e-01  7.92964019e-01  3.95656212e-01  4.58743197e-06  1.17519475e-05 
 1.75159837e-01  7.92649572e-01  3.95399763e-01  4.58743197e-06  1.17519475e-05 
 1.75659837e-01  7.92335136e-01  3.95143331e-01  4.58743197e-06  1.17519475e-05 
 1.76159837e-01  7.92020712e-01  3.94886913e-01  4.58743197e-06  1.17519475e-05 
 1.76659837e-01  7.91706298e-01  3.94630512e-01  4.58743197e-06  1.17519475e-05 
 1.77159837e-01  7.91391896e-01  3.94374126e-01  4.58743197e-06  1.17519475e-05 
 1.77659837e-01  7.91077504e-01  3.94117755e-01  4.58743197e-06  1.17519475e-05 
 1.78159837e-01  7.90763124e-01  3.93861401e-01  4.58743197e-06  1.17519475e-05 
 1.78659837e-01  7.90448755e-01  3.93605062e-01  4.58743197e-06  1.17519475e-05 
 1.79159837e-01  7.90134397e-01  3.93348738e-01  4.58743197e-06  1.17519475e-05 
 1.79659837e-01  7.89820050e-01  3.93092430e-01  4.58743197e-06  1.17519475e-05 
 1.80159837e-01  7.89505715e-01  3.92836138e-01  4.58743197e-06  1.17519475e-05 
 1.80659837e-01  7.89191390e-01  3.92579861e-01  4.58743197e-06  1.17519475e-05 
 1.81159837e-01  7.88877076e-01  3.92323600e-01  4.58743197e-06  1.17519475e-05 
 1.81659837e-01  7.88562774e-01  3.92067355e-01  4.58743197e-06  1.17519475e-05 
 1.82159837e-01  7.88248483e-01  3.91811125e-01  4.58743197e-06  1.17519475e-05 
 1.82659837e-01  7.87934203e-01  3.91554910e-01  4.58743197e-06  1.17519475e-05 
 1.83159837e-01  7.87619934e-01  3.91298712e-01  4.58743197e-06  1.17519475e-05 
 1.83659837e-01  7.87305676e-01  3.91042529e-01  4.58743197e-06  1.17519475e-05 
 1.84159837e-01  7.86991429e-01  3.90786362e-01  4.58743197e-06  1.17519475e-05 
 1.84659837e-01  7.86677193e-01  3.90530210e-01  4.58743197e-06  1.17519475e-05 
 1.85159837e-01  7.86362969e-01  3.90274074e-01  4.58743197e-06  1.17519475e-05 
 1.85659837e-01  7.86048755e-01  3.90017953e-01  4.58743197e-06  1.17519475e-05 
 1.86159837e-01  7.85734553e-01  3.89761848e-01  4.58743197e-06  1.17519475e-05 
 1.86659837e-01  7.85420362e-01  3.89505759e-01  4.58743197e-06  1.17519475e-05 
 1.87159837e-01  7.85106181e-01  3.89249685e-01  4.58743197e-06  1.17519475e-05 
 1.87659837e-01  7.84792012e-01  3.88993627e-01  4.58743197e-06  1.17519475e-05 
 1.88159837e-01  7.84477854e-01  3.88737585e-01  4.58743197e-06  1.17519475e-05 
 1.88659837e-01  7.84163708e-01  3.88481558e-01  4.58743197e-06  1.17519475e-05 
 1.89159837e-01  7.83849572e-01  3.88225547e-01  4.58743197e-06  1.17519475e-05 
 1.89659837e-01  7.83535447e-01  3.87969552e-01  4.58743197e-06  1.17519475e-05 
 1.90159837e-01  7.83221334e-01  3.87713572e-01  4.58743197e-06  1.17519475e-05 
 1.90659837e-01  7.82907232e-01  3.87457608e-01  4.58743197e-06  1.17519475e-05 
 1.91159837e-01  7.82593140e-01  3.87201659e-01  4.58743197e-06  1.17519475e-05 
 1.91659837e-01  7.82279060e-01  3.86945726e-01  4.58743197e-06  1.17519475e-05 
 1.92159837e-01  7.81964991e-01  3.86689809e-01  4.58743197e-06  1.17519475e-05 
 1.92659837e-01  7.81650933e-01  3.86433908e-01  4.58743197e-06  1.17519475e-05 
 1.93159837e-01  7.81336886e-01  3.86178022e-01  4.58743197e-06  1.17519475e-05 
 1.93659837e-01  7.81022850e-01  3.85922151e-01  4.58743197e-06  1.17519475e-05 
 1.94159837e-01  7.80708826e-01  3.85666296e-01  4.58743197e-06  1.17519475e-05 
 1.94659837e-01  7.80394812e-01  3.85410457e-01  4.58743197e-06  1.17519475e-05 
 1.95159837e-01  7.80080810e-01  3.85154634e-01  4.58743197e-06  1.17519475e-05 
 1.95659837e-01  7.79766819e-01  3.84898826e-01  4.58743197e-06  1.17519475e-05 
 1.96159837e-01  7.79452838e-01  3.84643034e-01  4.58743197e-06  1.17519475e-05 
 1.96659837e-01  7.79138869e-01  3.84387258e-01  4.58743197e-06  1.17519475e-05 
 1.97159837e-01  7.78824911e-01  3.84131497e-01  4.58743197e-06  1.17519475e-05 
 1.97659837e-01  7.78510964e-01  3.83875752e-01  4.58743197e-06  1.17519475e-05 
 1.98159837e-01  7.78197028e-01  3.83620022e-01  4.58743197e-06  1.17519475e-05 
 1.98659837e-01  7.77883104e-01  3.83364308e-01  4.58743197e-06  1.17519475e-05 
 1.99159837e-01  7.77569190e-01  3.83108610e-01  4.58743197e-06  1.17519475e-05 
 1.99659837e-01  7.77255287e-01  3.82852927e-01  4.58743197e-06  1.17519475e-05 
 2.00159837e-01  7.76941396e-01  3.82597260e-01  4.58743197e-06  1.17519475e-05 
 2.00659837e-01  7.76627516e-01  3.82341609e-01  4.58743197e-06  1.17519475e-05 
 2.01159837e-01  7.76313646e-01  3.82085974e-01  4.58743197e-06  1.17519475e-05 
 2.01659837e-01  7.75999788e-01  3.81830354e-01  4.58743197e-06  1.17519475e-05 
 2.02159837e-01  7.75685941e-01  3.81574749e-01  4.58743197e-06  1.17519475e-05 
 2.02659837e-01  7.75372105e-01  3.81319161e-01  4.58743197e-06  1.17519475e-05 
 2.03159837e-01  7.75058280e-01  3.81063588e-01  4.58743197e-06  1.17519475e-05 
 2.03659837e-01  7.74744467e-01  3.80808030e-01  4.58743197e-06  1.17519475e-05 
 2.04159837e-01  7.74430664e-01  3.80552489e-01  4.58743197e-06  1.17519475e-05 
 2.04659837e-01  7.74116872e-01  3.80296963e-01  4.58743197e-06  1.17519475e-05 
 2.05159837e-01  7.73803092e-01  3.80041453e-01  4.58743197e-06  1.17519475e-05 
 2.05659837e-01  7.73489323e-01  3.79785958e-01  4.58743197e-06  1.17519475e-05 
 2.06159837e-01  7.73175564e-01  3.79530479e-01  4.58743197e-06  1.17519475e-05 
 2.06659837e-01  7.72861817e-01  3.79275016e-01  4.58743197e-06  1.17519475e-05 
 2.07159837e-01  7.72548081e-01  3.79019568e-01  4.58743197e-06  1.17519475e-05 
 2.07659837e-01  7.72234356e-01  3.78764136e-01  4.58743197e-06  1.17519475e-05 
 2.08159837e-01  7.71920642e-01  3.78508720e-01  4.58743197e-06  1.17519475e-05 
 2.08659837e-01  7.71606939e-01  3.78253319e-01  4.58743197e-06  1.17519475e-05 
 2.09159837e-01  7.71293248e-01  3.77997934e-01  4.58743197e-06  1.17519475e-05 
 2.09659837e-01  7.70979567e-01  3.77742565e-01  4.58743197e-06  1.17519475e-05 
 2.10159837e-01  7.70665897e-01  3.77487211e-01  4.58743197e-06  1.17519475e-05 
 2.10659837e-01  7.70352239e-01  3.77231873e-01  4.58743197e-06  1.17519475e-05 
 2.11159837e-01  7.70038591e-01  3.76976551e-01  4.58743197e-06  1.17519475e-05 
 2.11659837e-01  7.69724955e-01  3.76721245e-01  4.58743197e-06  1.17519475e-05 
 2.12159837e-01  7.69411330e-01  3.76465954e-01  4.58743197e-06  1.17519475e-05 
 2.12659837e-01  7.69097716e-01  3.76210679e-01  4.58743197e-06  1.17519475e-05 
 2.13159837e-01  7.68784113e-01  3.75955419e-01  4.58743197e-06  1.17519475e-05 
 2.13659837e-01  7.68470521e-01  3.75700175e-01  4.58743197e-06  1.17519475e-05 
 2.14159837e-01  7.68156940e-01  3.75444947e-01  4.58743197e-06  1.17519475e-05 
 2.14659837e-01  7.67843370e-01  3.75189735e-01  4.58743197e-06  1.17519475e-05 
 2.15159837e-01  7.67529812e-01  3.74934538e-01  4.58743197e-06  1.17519475e-05 
 2.15659837e-01  7.67216264e-01  3.74679357e-01  4.58743197e-06  1.17519475e-05 
 2.16159837e-01  7.66902727e-01  3.74424191e-01  4.58743197e-06  1.17519475e-05 
 2.16659837e-01  7.66589202e-01  3.74169042e-01  4.58743197e-06  1.17519475e-05 
 2.17159837e-01  7.66275688e-01  3.73913908e-01  4.58743197e-06  1.17519475e-05 
 2.17659837e-01  7.65962184e-01  3.73658789e-01  4.58743197e-06  1.17519475e-05 
 2.18159837e-01  7.65648692e-01  3.73403687e-01  4.58743197e-06  1.17519475e-05 
 2.18659837e-01  7.65335211e-01  3.73148600e-01  4.58743197e-06  1.17519475e-05 
 2.19159837e-01  7.65021741e-01  3.72893528e-01  4.58743197e-06  1.17519475e-05 
 2.19659837e-01  7.64708282e-01  3.72638473e-01  4.58743197e-06  1.17519475e-05 
 2.20159837e-01  7.64394834e-01  3.72383433e-01  4.58743197e-06  1.17519475e-05 
 2.20659837e-01  7.64081398e-01  3.72128409e-01  4.58743197e-06  1.17519475e-05 
 2.21159837e-01  7.63767972e-01  3.71873401e-01  4.58743197e-06  1.17519475e-05 
 2.21659837e-01  7.63454557e-01  3.71618408e-01  4.58743197e-06  1.17519475e-05 
 2.22159837e-01  7.63141154e-01  3.71363431e-01  4.58743197e-06  1.17519475e-05 
 2.22659837e-01  7.62827761e-01  3.71108469e-01  4.58743197e-06  1.17519475e-05 
 2.23159837e-01  7.62514380e-01  3.70853524e-01  4.58743197e-06  1.17519475e-05 
 2.23659837e-01  7.62201010e-01  3.70598594e-01  4.58743197e-06  1.17519475e-05 
 2.24159837e-01  7.61887650e-01  3.70343680e-01  4.58743197e-06  1.17519475e-05 
 2.24659837e-01  7.61574302e-01  3.70088781e-01  4.58743197e-06  1.17519475e-05 
 2.25159837e-01  7.61260965e-01  3.69833898e-01  4.58743197e-06  1.17519475e-05 
 2.25659837e-01  7.60947639e-01  3.69579031e-01  4.58743197e-06  1.17519475e-05 
 2.26159837e-01  7.60634324e-01  3.69324180e-01  4.58743197e-06  1.17519475e-05 
 2.26659837e-01  7.60321020e-01  3.69069344e-01  4.58743197e-06  1.17519475e-05 
 2.27159837e-01  7.60007728e-01  3.68814524e-01  4.58743197e-06  1.17519475e-05 
 2.27659837e-01  7.59694446e-01  3.68559720e-01  4.58743197e-06  1.17519475e-05 
 2.28159837e-01  7.59381175e-01  3.68304931e-01  4.58743197e-06  1.17519475e-05 
 2.28659837e-01  7.59067916e-01  3.68050159e-01  4.58743197e-06  1.17519475e-05 
 2.29159837e-01  7.58754667e-01  3.67795401e-01  4.58743197e-06  1.17519475e-05 
 2.29659837e-01  7.58441430e-01  3.67540660e-01  4.58743197e-06  1.17519475e-05 
 2.30159837e-01  7.58128204e-01  3.67285934e-01  4.58743197e-06  1.17519475e-05 
 2.30659837e-01  7.57814989e-01  3.67031224e-01  4.58743197e-06  1.17519475e-05 
 2.31159837e-01  7.57501784e-01  3.66776530e-01  4.58743197e-06  1.17519475e-05 
 2.31659837e-01  7.57188591e-01  3.66521852e-01  4.58743197e-06  1.17519475e-05 
 2.32159837e-01  7.56875409e-01  3.66267189e-01  4.58743197e-06  1.17519475e-05 
 2.32659837e-01  7.56562238e-01  3.66012542e-01  4.58743197e-06  1.17519475e-05 
 2.33159837e-01  7.56249078e-01  3.65757910e-01  4.58743197e-06  1.17519475e-05 
 2.33659837e-01  7.55935930e-01  3.65503295e-01  4.58743197e-06  1.17519475e-05 
 2.34159837e-01  7.55622792e-01  3.65248695e-01  4.58743197e-06  1.17519475e-05 
 2.34659837e-01  7.55309665e-01  3.64994111e-01  4.58743197e-06  1.17519475e-05 
 2.35159837e-01  7.54996550e-01  3.64739542e-01  4.58743197e-06  1.17519475e-05 
 2.35659837e-01  7.54683445e-01  3.64484990e-01  4.58743197e-06  1.17519475e-05 
 2.36159837e-01  7.54370352e-01  3.64230453e-01  4.58743197e-06  1.17519475e-05 
 2.36659837e-01  7.54057269e-01  3.63975931e-01  4.58743197e-06  1.17519475e-05 
 2.37159837e-01  7.53744198e-01  3.63721426e-01  4.58743197e-06  1.17519475e-05 
 2.37659837e-01  7.53431138e-01  3.63466936e-01  4.58743197e-06  1.17519475e-05 
 2.38159837e-01  7.53118089e-01  3.63212462e-01  4.58743197e-06  1.17519475e-05 
 2.38659837e-01  7.52805051e-01  3.62958004e-01  4.58743197e-06  1.17519475e-05 
 2.39159837e-01  7.52492023e-01  3.62703561e-01  4.58743197e-06  1.17519475e-05 
 2.39659837e-01  7.52179008e-01  3.62449134e-01  4.58743197e-06  1.17519475e-05 
 2.40159837e-01  7.51866003e-01  3.62194723e-01  4.58743197e-06  1.17519475e-05 
 2.40659837e-01  7.51553009e-01  3.61940328e-01  4.58743197e-06  1.17519475e-05 
 2.41159837e-01  7.51240026e-01  3.61685948e-01  4.58743197e-06  1.17519475e-05 
 2.41659837e-01  7.50927054e-01  3.61431584e-01  4.58743197e-06  1.17519475e-05 
 2.42159837e-01  7.50614094e-01  3.61177236e-01  4.58743197e-06  1.17519475e-05 
 2.42659837e-01  7.50301144e-01  3.60922904e-01  4.58743197e-06  1.17519475e-05 
 2.43159837e-01  7.49988206e-01  3.60668587e-01  4.58743197e-06  1.17519475e-05 
 2.43659837e-01  7.49675278e-01  3.60414286e-01  4.58743197e-06  1.17519475e-05 
 2.44159837e-01  7.49362362e-01  3.60160001e-01  4.58743197e-06  1.17519475e-05 
 2.44659837e-01  7.49049456e-01  3.59905732e-01  4.58743197e-06  1.17519475e-05 
 2.45159837e-01  7.48736562e-01  3.59651478e-01  4.58743197e-06  1.17519475e-05 
 2.45659837e-01  7.48423679e-01  3.59397240e-01  4.58743197e-06  1.17519475e-05 
 2.46159837e-01  7.48110807e-01  3.59143018e-01  4.58743197e-06  1.17519475e-05 
 2.46659837e-01  7.47797946e-01  3.58888812e-01  4.58743197e-06  1.17519475e-05 
 2.47159837e-01  7.47485096e-01  3.58634621e-01  4.58743197e-06  1.17519475e-05 
 2.47659837e-01  7.47172257e-01  3.58380446e-01  4.58743197e-06  1.17519475e-05 
 2.48159837e-01  7.46859429e-01  3.58126287e-01  4.58743197e-06  1.17519475e-05 
 2.48659837e-01  7.46546612e-01  3.57872144e-01  4.58743197e-06  1.17519475e-05 
 2.49159837e-01  7.46233806e-01  3.57618016e-01  4.58743197e-06  1.17519475e-05 
 2.49659837e-01  7.45921012e-01  3.57363904e-01  4.58743197e-06  1.17519475e-05 
 2.50159837e-01  7.45608228e-01  3.57109808e-01  4.58743197e-06  1.17519475e-05 
 2.50659837e-01  7.45295455e-01  3.56855728e-01  4.58743197e-06  1.17519475e-05 
 2.51159837e-01  7.44982694e-01  3.56601663e-01  4.58743197e-06  1.17519475e-05 
 2.51659837e-01  7.44669943e-01  3.56347614e-01  4.58743197e-06  1.17519475e-05 
 2.52159837e-01  7.44357204e-01  3.56093581e-01  4.58743197e-06  1.17519475e-05 
 2.52659837e-01  7.44044475e-01  3.55839564e-01  4.58743197e-06  1.17519475e-05 
 2.53159837e-01  7.43731758e-01  3.55585562e-01  4.58743197e-06  1.17519475e-05 
 2.53659837e-01  7.43419052e-01  3.55331577e-01  4.58743197e-06  1.17519475e-05 
 2.54159837e-01  7.43106357e-01  3.55077607e-01  4.58743197e-06  1.17519475e-05 
 2.54659837e-01  7.42793673e-01  3.54823652e-01  4.58743197e-06  1.17519475e-05 
 2.55159837e-01  7.42480999e-01  3.54569714e-01  4.58743197e-06  1.17519475e-05 
 2.55659837e-01  7.42168337e-01  3.54315791e-01  4.58743197e-06  1.17519475e-05 
 2.56159837e-01  7.41855686e-01  3.54061884e-01  4.58743197e-06  1.17519475e-05 
 2.56659837e-01  7.41543047e-01  3.53807993e-01  4.58743197e-06  1.17519475e-05 
 2.57159837e-01  7.41230418e-01  3.53554117e-01  4.58743197e-06  1.17519475e-05 
 2.57659837e-01  7.40917800e-01  3.53300258e-01  4.58743197e-06  1.17519475e-05 
 2.58159837e-01  7.40605193e-01  3.53046414e-01  4.58743197e-06  1.17519475e-05 
 2.58659837e-01  7.40292597e-01  3.52792586e-01  4.58743197e-06  1.17519475e-05 
 2.59159837e-01  7.39980013e-01  3.52538773e-01  4.58743197e-06  1.17519475e-05 
 2.59659837e-01  7.39667439e-01  3.52284977e-01  4.58743197e-06  1.17519475e-05 
 2.60159837e-01  7.39354877e-01  3.52031196e-01  4.58743197e-06  1.17519475e-05 
 2.60659837e-01  7.39042325e-01  3.51777431e-01  4.58743197e-06  1.17519475e-05 
 2.61159837e-01  7.38729785e-01  3.51523682e-01  4.58743197e-06  1.17519475e-05 
 2.61659837e-01  7.38417255e-01  3.51269948e-01  4.58743197e-06  1.17519475e-05 
 2.62159837e-01  7.38104737e-01  3.51016231e-01  4.58743197e-06  1.17519475e-05 
 2.62659837e-01  7.37792230e-01  3.50762529e-01  4.58743197e-06  1.17519475e-05 
 2.63159837e-01  7.37479733e-01  3.50508843e-01  4.58743197e-06  1.17519475e-05 
 2.63659837e-01  7.37167248e-01  3.50255172e-01  4.58743197e-06  1.17519475e-05 
 2.64159837e-01  7.36854774e-01  3.50001518e-01  4.58743197e-06  1.17519475e-05 
 2.64659837e-01  7.36542311e-01  3.49747879e-01  4.58743197e-06  1.17519475e-05 
 2.65159837e-01  7.36229859e-01  3.49494256e-01  4.58743197e-06  1.17519475e-05 
 2.65659837e-01  7.35917418e-01  3.49240649e-01  4.58743197e-06  1.17519475e-05 
 2.66159837e-01  7.35604988e-01  3.48987057e-01  4.58743197e-06  1.17519475e-05 
 2.66659837e-01  7.35292569e-01  3.48733482e-01  4.58743197e-06  1.17519475e-05 
 2.67159837e-01  7.34980161e-01  3.48479922e-01  4.58743197e-06  1.17519475e-05 
 2.67659837e-01  7.34667764e-01  3.48226378e-01  4.58743197e-06  1.17519475e-05 
 2.68159837e-01  7.34355379e-01  3.47972850e-01  4.58743197e-06  1.17519475e-05 
 2.68659837e-01  7.34043004e-01  3.47719337e-01  4.58743197e-06  1.17519475e-05 
 2.69159837e-01  7.33730640e-01  3.47465840e-01  4.58743197e-06  1.17519475e-05 
 2.69659837e-01  7.33418288e-01  3.47212360e-01  4.58743197e-06  1.17519475e-05 
 2.70159837e-01  7.33105946e-01  3.46958894e-01  4.58743197e-06  1.17519475e-05 
 2.70659837e-01  7.32793616e-01  3.46705445e-01  4.58743197e-06  1.17519475e-05 
 2.71159837e-01  7.32481296e-01  3.46452012e-01  4.58743197e-06  1.17519475e-05 
 2.71659837e-01  7.32168988e-01  3.46198594e-01  4.58743197e-06  1.17519475e-05 
 2.72159837e-01  7.31856690e-01  3.45945192e-01  4.58743197e-06  1.17519475e-05 
 2.72659837e-01  7.31544404e-01  3.45691806e-01  4.58743197e-06  1.17519475e-05 
 2.73159837e-01  7.31232129e-01  3.45438435e-01  4.58743197e-06  1.17519475e-05 
 2.73659837e-01  7.30919864e-01  3.45185081e-01  4.58743197e-06  1.17519475e-05 
 2.74159837e-01  7.30607611e-01  3.44931742e-01  4.58743197e-06  1.17519475e-05 
 2.74659837e-01  7.30295369e-01  3.44678419e-01  4.58743197e-06  1.17519475e-05 
 2.75159837e-01  7.29983138e-01  3.44425112e-01  4.58743197e-06  1.17519475e-05 
 2.75659837e-01  7.29670918e-01  3.44171821e-01  4.58743197e-06  1.17519475e-05 
 2.76159837e-01  7.29358709e-01  3.43918545e-01  4.58743197e-06  1.17519475e-05 
 2.76659837e-01  7.29046511e-01  3.43665285e-01  4.58743197e-06  1.17519475e-05 
 2.77159837e-01  7.28734324e-01  3.43412041e-01  4.58743197e-06  1.17519475e-05 
 2.77659837e-01  7.28422148e-01  3.43158813e-01  4.58743197e-06  1.17519475e-05 
 2.78159837e-01  7.28109983e-01  3.42905601e-01  4.58743197e-06  1.17519475e-05 
 2.78659837e-01  7.27797829e-01  3.42652404e-01  4.58743197e-06  1.17519475e-05 
 2.79159837e-01  7.27485686e-01  3.42399223e-01  4.58743197e-06  1.17519475e-05 
 2.79659837e-01  7.27173554e-01  3.42146058e-01  4.58743197e-06  1.17519475e-05 
 2.80159837e-01  7.26861434e-01  3.41892909e-01  4.58743197e-06  1.17519475e-05 
 2.80659837e-01  7.26549324e-01  3.41639776e-01  4.58743197e-06  1.17519475e-05 
 2.81159837e-01  7.26237225e-01  3.41386658e-01  4.58743197e-06  1.17519475e-05 
 2.81659837e-01  7.25925138e-01  3.41133557e-01  4.58743197e-06  1.17519475e-05 
 2.82159837e-01  7.25613061e-01  3.40880471e-01  4.58743197e-06  1.17519475e-05 
 2.82659837e-01  7.25300996e-01  3.40627401e-01  4.58743197e-06  1.17519475e-05 
 2.83159837e-01  7.24988941e-01  3.40374346e-01  4.58743197e-06  1.17519475e-05 
 2.83659837e-01  7.24676898e-01  3.40121308e-01  4.58743197e-06  1.17519475e-05 
 2.84159837e-01  7.24364865e-01  3.39868285e-01  4.58743197e-06  1.17519475e-05 
 2.84659837e-01  7.24052844e-01  3.39615278e-01  4.58743197e-06  1.17519475e-05 
 2.85159837e-01  7.23740833e-01  3.39362287e-01  4.58743197e-06  1.17519475e-05 
 2.85659837e-01  7.23428834e-01  3.39109312e-01  4.58743197e-06  1.17519475e-05 
 2.86159837e-01  7.23116846e-01  3.38856353e-01  4.58743197e-06  1.17519475e-05 
 2.86659837e-01  7.22804868e-01  3.38603409e-01  4.58743197e-06  1.17519475e-05 
 2.87159837e-01  7.22492902e-01  3.38350481e-01  4.58743197e-06  1.17519475e-05 
 2.87659837e-01  7.22180947e-01  3.38097569e-01  4.58743197e-06  1.17519475e-05 
 2.88159837e-01  7.21869003e-01  3.37844673e-01  4.58743197e-06  1.17519475e-05 
 2.88659837e-01  7.21557070e-01  3.37591793e-01  4.58743197e-06  1.17519475e-05 
 2.89159837e-01  7.21245148e-01  3.37338928e-01  4.58743197e-06  1.17519475e-05 
 2.89659837e-01  7.20933237e-01  3.37086079e-01  4.58743197e-06  1.17519475e-05 
 2.90159837e-01  7.20621337e-01  3.36833247e-01  4.58743197e-06  1.17519475e-05 
 2.90659837e-01  7.20309448e-01  3.36580429e-01  4.58743197e-06  1.17519475e-05 
 2.91159837e-01  7.19997570e-01  3.36327628e-01  4.58743197e-06  1.17519475e-05 
 2.91659837e-01  7.19685703e-01  3.36074843e-01  4.58743197e-06  1.17519475e-05 
 2.92159837e-01  7.19373847e-01  3.35822073e-01  4.58743197e-06  1.17519475e-05 
 2.92659837e-01  7.19062002e-01  3.35569320e-01  4.58743197e-06  1.17519475e-05 
 2.93159837e-01  7.18750168e-01  3.35316582e-01  4.58743197e-06  1.17519475e-05 
 2.93659837e-01  7.18438345e-01  3.35063860e-01  4.58743197e-06  1.17519475e-05 
 2.94159837e-01  7.18126533e-01  3.34811153e-01  4.58743197e-06  1.17519475e-05 
 2.94659837e-01  7.17814733e-01  3.34558463e-01  4.58743197e-06  1.17519475e-05 
 2.95159837e-01  7.17502943e-01  3.34305788e-01  4.58743197e-06  1.17519475e-05 
 2.95659837e-01  7.17191164e-01  3.34053129e-01  4.58743197e-06  1.17519475e-05 
 2.96159837e-01  7.16879397e-01  3.33800487e-01  4.58743197e-06  1.17519475e-05 
 2.96659837e-01  7.16567640e-01  3.33547859e-01  4.58743197e-06  1.17519475e-05 
 2.97159837e-01  7.16255894e-01  3.33295248e-01  4.58743197e-06  1.17519475e-05 
 2.97659837e-01  7.15944160e-01  3.33042653e-01  4.58743197e-06  1.17519475e-05 
 2.98159837e-01  7.15632436e-01  3.32790073e-01  4.58743197e-06  1.17519475e-05 
 2.98659837e-01  7.15320724e-01  3.32537510e-01  4.58743197e-06  1.17519475e-05 
 2.99159837e-01  7.15009022e-01  3.32284962e-01  4.58743197e-06  1.17519475e-05 
 2.99659837e-01  7.14697332e-01  3.32032430e-01  4.58743197e-06  1.17519475e-05 
 3.00159837e-01  7.14385652e-01  3.31779913e-01  4.58743197e-06  1.17519475e-05 
 3.00659837e-01  7.14073984e-01  3.31527413e-01  4.58743197e-06  1.17519475e-05 
 3.01159837e-01  7.13762326e-01  3.31274929e-01  4.58743197e-06  1.17519475e-05 
 3.01659837e-01  7.13450680e-01  3.31022460e-01  4.58743197e-06  1.17519475e-05 
 3.02159837e-01  7.13139045e-01  3.30770007e-01  4.58743197e-06  1.17519475e-05 
 3.02659837e-01  7.12827420e-01  3.30517570e-01  4.58743197e-06  1.17519475e-05 
 3.03159837e-01  7.12515807e-01  3.30265149e-01  4.58743197e-06  1.17519475e-05 
 3.03659837e-01  7.12204205e-01  3.30012744e-01  4.58743197e-06  1.17519475e-05 
 3.04159837e-01  7.11892614e-01  3.29760355e-01  4.58743197e-06  1.17519475e-05 
 3.04659837e-01  7.11581033e-01  3.29507981e-01  4.58743197e-06  1.17519475e-05 
 3.05159837e-01  7.11269464e-01  3.29255624e-01  4.58743197e-06  1.17519475e-05 
 3.05659837e-01  7.10957906e-01  3.29003282e-01  4.58743197e-06  1.17519475e-05 
 3.06159837e-01  7.10646359e-01  3.28750956e-01  4.58743197e-06  1.17519475e-05 
 3.06659837e-01  7.10334823e-01  3.28498646e-01  4.58743197e-06  1.17519475e-05 
 3.07159837e-01  7.10023298e-01  3.28246352e-01  4.58743197e-06  1.17519475e-05 
 3.07659837e-01  7.09711784e-01  3.27994074e-01  4.58743197e-06  1.17519475e-05 
 3.08159837e-01  7.09400280e-01  3.27741812e-01  4.58743197e-06  1.17519475e-05 
 3.08659837e-01  7.09088788e-01  3.27489565e-01  4.58743197e-06  1.17519475e-05 
 3.09159837e-01  7.08777307e-01  3.27237335e-01  4.58743197e-06  1.17519475e-05 
 3.09659837e-01  7.08465837e-01  3.26985120e-01  4.58743197e-06  1.17519475e-05 
 3.10159837e-01  7.08154378e-01  3.26732922e-01  4.58743197e-06  1.17519475e-05 
 3.10659837e-01  7.07842930e-01  3.26480739e-01  4.58743197e-06  1.17519475e-05 
 3.11159837e-01  7.07531493e-01  3.26228572e-01  4.58743197e-06  1.17519475e-05 
 3.11659837e-01  7.07220068e-01  3.25976421e-01  4.58743197e-06  1.17519475e-05 
 3.12159837e-01  7.06908653e-01  3.25724286e-01  4.58743197e-06  1.17519475e-05 
 3.12659837e-01  7.06597249e-01  3.25472167e-01  4.58743197e-06  1.17519475e-05 
 3.13159837e-01  7.06285856e-01  3.25220064e-01  4.58743197e-06  1.17519475e-05 
 3.13659837e-01  7.05974474e-01  3.24967977e-01  4.58743197e-06  1.17519475e-05 
 3.14159837e-01  7.05663103e-01  3.24715906e-01  4.58743197e-06  1.17519475e-05 
 3.14659837e-01  7.05351743e-01  3.24463850e-01  4.58743197e-06  1.17519475e-05 
 3.15159837e-01  7.05040394e-01  3.24211811e-01  4.58743197e-06  1.17519475e-05 
 3.15659837e-01  7.04729057e-01  3.23959788e-01  4.58743197e-06  1.17519475e-05 
 3.16159837e-01  7.04417730e-01  3.23707780e-01  4.58743197e-06  1.17519475e-05 
 3.16659837e-01  7.04106414e-01  3.23455789e-01  4.58743197e-06  1.17519475e-05 
 3.17159837e-01  7.03795109e-01  3.23203814e-01  4.58743197e-06  1.17519475e-05 
 3.17659837e-01  7.03483816e-01  3.22951854e-01  4.58743197e-06  1.17519475e-05 
 3.18159837e-01  7.03172533e-01  3.22699911e-01  4.58743197e-06  1.17519475e-05 
 3.18659837e-01  7.02861261e-01  3.22447983e-01  4.58743197e-06  1.17519475e-05 
 3.19159837e-01  7.02550001e-01  3.22196072e-01  4.58743197e-06  1.17519475e-05 
 3.19659837e-01  7.02238751e-01  3.21944177e-01  4.58743197e-06  1.17519475e-05 
 3.20159837e-01  7.01927512e-01  3.21692298e-01  4.58743197e-06  1.17519475e-05 
 3.20659837e-01  7.01616285e-01  3.21440434e-01  4.58743197e-06  1.17519475e-05 
 3.21159837e-01  7.01305068e-01  3.21188587e-01  4.58743197e-06  1.17519475e-05 
 3.21659837e-01  7.00993862e-01  3.20936756e-01  4.58743197e-06  1.17519475e-05 
 3.22159837e-01  7.00682668e-01  3.20684941e-01  4.58743197e-06  1.17519475e-05 
 3.22659837e-01  7.00371484e-01  3.20433143e-01  4.58743197e-06  1.17519475e-05 
 3.23159837e-01  7.00060312e-01  3.20181360e-01  4.58743197e-06  1.17519475e-05 
 3.23659837e-01  6.99749150e-01  3.19929594e-01  4.58743197e-06  1.17519475e-05 
 3.24159837e-01  6.99438000e-01  3.19677843e-01  4.58743197e-06  1.17519475e-05 
 3.24659837e-01  6.99126860e-01  3.19426109e-01  4.58743197e-06  1.17519475e-05 
 3.25159837e-01  6.98815731e-01  3.19174391e-01  4.58743197e-06  1.17519475e-05 
 3.25659837e-01  6.98504614e-01  3.18922690e-01  4.58743197e-06  1.17519475e-05 
 3.26159837e-01  6.98193507e-01  3.18671004e-01  4.58743197e-06  1.17519475e-05 
 3.26659837e-01  6.97882412e-01  3.18419335e-01  4.58743197e-06  1.17519475e-05 
 3.27159837e-01  6.97571327e-01  3.18167682e-01  4.58743197e-06  1.17519475e-05 
 3.27659837e-01  6.97260254e-01  3.17916046e-01  4.58743197e-06  1.17519475e-05 
 3.28159837e-01  6.96949192e-01  3.17664426e-01  4.58743197e-06  1.17519475e-05 
 3.28659837e-01  6.96638140e-01  3.17412822e-01  4.58743197e-06  1.17519475e-05 
 3.29159837e-01  6.96327100e-01  3.17161235e-01  4.58743197e-06  1.17519475e-05 
 3.29659837e-01  6.96016070e-01  3.16909664e-01  4.58743197e-06  1.17519475e-05 
 3.30159837e-01  6.95705052e-01  3.16658109e-01  4.58743197e-06  1.17519475e-05 
 3.30659837e-01  6.95394044e-01  3.16406571e-01  4.58743197e-06  1.17519475e-05 
 3.31159837e-01  6.95083048e-01  3.16155050e-01  4.58743197e-06  1.17519475e-05 
 3.31659837e-01  6.94772062e-01  3.15903545e-01  4.58743197e-06  1.17519475e-05 
 3.32159837e-01  6.94461088e-01  3.15652057e-01  4.58743197e-06  1.17519475e-05 
 3.32659837e-01  6.94150125e-01  3.15400586e-01  4.58743197e-06  1.17519475e-05 
 3.33159837e-01  6.93839172e-01  3.15149131e-01  4.58743197e-06  1.17519475e-05 
 3.33659837e-01  6.93528231e-01  3.14897694e-01  4.58743197e-06  1.17519475e-05 
 3.34159837e-01  6.93217300e-01  3.14646273e-01  4.58743197e-06  1.17519475e-05 
 3.34659837e-01  6.92906381e-01  3.14394869e-01  4.58743197e-06  1.17519475e-05 
 3.35159837e-01  6.92595473e-01  3.14143482e-01  4.58743197e-06  1.17519475e-05 
 3.35659837e-01  6.92284575e-01  3.13892112e-01  4.58743197e-06  1.17519475e-05 
 3.36159837e-01  6.91973689e-01  3.13640759e-01  4.58743197e-06  1.17519475e-05 
 3.36659837e-01  6.91662814e-01  3.13389424e-01  4.58743197e-06  1.17519475e-05 
 3.37159837e-01  6.91351949e-01  3.13138106e-01  4.58743197e-06  1.17519475e-05 
 3.37659837e-01  6.91041096e-01  3.12886805e-01  4.58743197e-06  1.17519475e-05 
 3.38159837e-01  6.90730254e-01  3.12635522e-01  4.58743197e-06  1.17519475e-05 
 3.38659837e-01  6.90419422e-01  3.12384257e-01  4.58743197e-06  1.17519475e-05 
 3.39159837e-01  6.90108602e-01  3.12133010e-01  4.58743197e-06  1.17519475e-05 
 3.39659837e-01  6.89797793e-01  3.11881780e-01  4.58743197e-06  1.17519475e-05 
 3.40159837e-01  6.89486994e-01  3.11630569e-01  4.58743197e-06  1.17519475e-05 
 3.40659837e-01  6.89176207e-01  3.11379376e-01  4.58743197e-06  1.17519475e-05 
 3.41159837e-01  6.88865431e-01  3.11128202e-01  4.58743197e-06  1.17519475e-05 
 3.41659837e-01  6.88554665e-01  3.10877046e-01  4.58743197e-06  1.17519475e-05 
 3.42159837e-01  6.88243911e-01  3.10625909e-01  4.58743197e-06  1.17519475e-05 
 3.42659837e-01  6.87933168e-01  3.10374792e-01  4.58743197e-06  1.17519475e-05 
 3.43159837e-01  6.87622435e-01  3.10123694e-01  4.58743197e-06  1.17519475e-05 
 3.43659837e-01  6.87311714e-01  3.09872616e-01  4.58743197e-06  1.17519475e-05 
 3.44159837e-01  6.87001004e-01  3.09621558e-01  4.58743197e-06  1.17519475e-05 
 3.44659837e-01  6.86690304e-01  3.09370521e-01  4.58743197e-06  1.17519475e-05 
 3.45159837e-01  6.86379616e-01  3.09119504e-01  4.58743197e-06  1.17519475e-05 
 3.45659837e-01  6.86068939e-01  3.08868509e-01  4.58743197e-06  1.17519475e-05 
 3.46159837e-01  6.85758272e-01  3.08617536e-01  4.58743197e-06  1.17519475e-05 
 3.46659837e-01  6.85447617e-01  3.08366586e-01  4.58743197e-06  1.17519475e-05 
 3.47159837e-01  6.85136973e-01  3.08115659e-01  4.58743197e-06  1.17519475e-05 
 3.47659837e-01  6.84826339e-01  3.07864757e-01  4.58743197e-06  1.17519475e-05 
 3.48159837e-01  6.84515717e-01  3.07613879e-01  4.58743197e-06  1.17519475e-05 
 3.48659837e-01  6.84205106e-01  3.07363028e-01  4.58743197e-06  1.17519475e-05 
 3.49159837e-01  6.83894505e-01  3.07112204e-01  4.58743197e-06  1.17519475e-05 
 3.49659837e-01  6.83583916e-01  3.06861409e-01  4.58743197e-06  1.17519475e-05 
 3.50159837e-01  6.83273338e-01  3.06610644e-01  4.58743197e-06  1.17519475e-05 
 3.50659837e-01  6.82962770e-01  3.06359911e-01  4.58743197e-06  1.17519475e-05 
 3.51159837e-01  6.82652214e-01  3.06109213e-01  4.58743197e-06  1.17519475e-05 
 3.51659837e-01  6.82341669e-01  3.05858552e-01  4.58743197e-06  1.17519475e-05 
 3.52159837e-01  6.82031134e-01  3.05607932e-01  4.58743197e-06  1.17519475e-05 
 3.52659837e-01  6.81720611e-01  3.05357355e-01  4.58743197e-06  1.17519475e-05 
 3.53159837e-01  6.81410099e-01  3.05106827e-01  4.58743197e-06  1.17519475e-05 
 3.53659837e-01  6.81099597e-01  3.04856354e-01  4.58743197e-06  1.17519475e-05 
 3.54159837e-01  6.80789107e-01  3.04605941e-01  4.58743197e-06  1.17519475e-05 
 3.54659837e-01  6.80478627e-01  3.04355598e-01  4.58743197e-06  1.17519475e-05 
 3.55159837e-01  6.80168159e-01  3.04105336e-01  4.58743197e-06  1.17519475e-05 
 3.55659837e-01  6.79857702e-01  3.03855167e-01  4.58743197e-06  1.17519475e-05 
 3.56159837e-01  6.79547255e-01  3.03605109e-01  4.58743197e-06  1.17519475e-05 
 3.56659837e-01  6.79236820e-01  3.03355184e-01  4.58743197e-06  1.17519475e-05 
 3.57159837e-01  6.78926396e-01  3.03105421e-01  4.58743197e-06  1.17519475e-05 
 3.57659837e-01  6.78615982e-01  3.02855859e-01  4.58743197e-06  1.17519475e-05 
 3.58159837e-01  6.78305580e-01  3.02606547e-01  4.58743197e-06  1.17519475e-05 
 3.58659837e-01  6.77995188e-01  3.02357553e-01  4.58743197e-06  1.17519475e-05 
 3.59159837e-01  6.77684808e-01  3.02108966e-01  4.58743197e-06  1.17519475e-05 
 3.59659837e-01  6.77374439e-01  3.01860900e-01  4.58743197e-06  1.17519475e-05 
 3.60159837e-01  6.77064080e-01  3.01613495e-01  4.58743197e-06  1.17519475e-05 
 3.60659837e-01  6.76753733e-01  3.01366903e-01  4.58743197e-06  1.17519475e-05 
 3.61159837e-01  6.76443397e-01  3.01121253e-01  4.58743197e-06  1.17519475e-05 
 3.61659837e-01  6.76133072e-01  3.00876569e-01  4.58743197e-06  1.17519475e-05 
 3.62159837e-01  6.75822758e-01  3.00632691e-01  4.58743197e-06  1.17519475e-05 
 3.62659837e-01  6.75512454e-01  3.00389233e-01  4.58743197e-06  1.17519475e-05 
 3.63159837e-01  6.75202162e-01  3.00145674e-01  4.58743197e-06  1.17519475e-05 
 3.63659837e-01  6.74891881e-01  2.99901527e-01  4.58743197e-06  1.17519475e-05 
 3.64159837e-01  6.74581611e-01  2.99656473e-01  4.58743197e-06  1.17519475e-05 
 3.64659837e-01  6.74271351e-01  2.99410397e-01  4.58743197e-06  1.17519475e-05 
 3.65159837e-01  6.73961103e-01  2.99163341e-01  4.58743197e-06  1.17519475e-05 
 3.65659837e-01  6.73650865e-01  2.98915423e-01  4.58743197e-06  1.17519475e-05 
 3.66159837e-01  6.73340639e-01  2.98666767e-01  4.58743197e-06  1.17519475e-05 
 3.66659837e-01  6.73030423e-01  2.98417464e-01  4.58743197e-06  1.17519475e-05 
 3.67159837e-01  6.72720219e-01  2.98167536e-01  4.58743197e-06  1.17519475e-05 
 3.67659837e-01  6.72410025e-01  2.97916916e-01  4.58743197e-06  1.17519475e-05 
 3.68159837e-01  6.72099842e-01  2.97665398e-01  4.58743197e-06  1.17519475e-05 
 3.68659837e-01  6.71789671e-01  2.97412547e-01  4.58743197e-06  1.17519475e-05 
 3.69159837e-01  6.71479510e-01  2.97157546e-01  4.58743197e-06  1.17519475e-05 
 3.69659837e-01  6.71169360e-01  2.96899095e-01  4.58743197e-06  1.17519475e-05 
 3.70159837e-01  6.70859220e-01  2.96636018e-01  4.58743197e-06  1.17519475e-05 
 3.70659837e-01  6.70549092e-01  2.96369440e-01  4.58743197e-06  1.17519475e-05 
 3.71159837e-01  6.70238974e-01  2.96103525e-01  4.58743197e-06  1.17519475e-05 
 3.71659837e-01  6.69928868e-01  2.95842082e-01  4.58743197e-06  1.17519475e-05 
 3.72159837e-01  6.69618773e-01  2.95586170e-01  4.58743197e-06  1.17519475e-05 
 3.72659837e-01  6.69308689e-01  2.95333819e-01  4.58743197e-06  1.17519475e-05 
 3.73159837e-01  6.68998616e-01  2.95082381e-01  4.58743197e-06  1.17519475e-05 
 3.73659837e-01  6.68688554e-01  2.94830965e-01  4.58743197e-06  1.17519475e-05 
 3.74159837e-01  6.68378503e-01  2.94579708e-01  4.58743197e-06  1.17519475e-05 
 3.74659837e-01  6.68068463e-01  2.94328706e-01  4.58743197e-06  1.17519475e-05 
 3.75159837e-01  6.67758434e-01  2.94077914e-01  4.58743197e-06  1.17519475e-05 
 3.75659837e-01  6.67448417e-01  2.93827270e-01  4.58743197e-06  1.17519475e-05 
 3.76159837e-01  6.67138410e-01  2.93576738e-01  4.58743197e-06  1.17519475e-05 
 3.76659837e-01  6.66828414e-01  2.93326295e-01  4.58743197e-06  1.17519475e-05 
 3.77159837e-01  6.66518429e-01  2.93075925e-01  4.58743197e-06  1.17519475e-05 
 3.77659837e-01  6.66208455e-01  2.92825617e-01  4.58743197e-06  1.17519475e-05 
 3.78159837e-01  6.65898492e-01  2.92575362e-01  4.58743197e-06  1.17519475e-05 
 3.78659837e-01  6.65588540e-01  2.92325154e-01  4.58743197e-06  1.17519475e-05 
 3.79159837e-01  6.65278599e-01  2.92074987e-01  4.58743197e-06  1.17519475e-05 
 3.79659837e-01  6.64968669e-01  2.91824856e-01  4.58743197e-06  1.17519475e-05 
 3.80159837e-01  6.64658750e-01  2.91574759e-01  4.58743197e-06  1.17519475e-05 
 3.80659837e-01  6.64348842e-01  2.91324693e-01  4.58743197e-06  1.17519475e-05 
 3.81159837e-01  6.64038944e-01  2.91074655e-01  4.58743197e-06  1.17519475e-05 
 3.81659837e-01  6.63729058e-01  2.90824644e-01  4.58743197e-06  1.17519475e-05 
 3.82159837e-01  6.63419183e-01  2.90574659e-01  4.58743197e-06  1.17519475e-05 
 3.82659837e-01  6.63109319e-01  2.90324698e-01  4.58743197e-06  1.17519475e-05 
 3.83159837e-01  6.62799466e-01  2.90074761e-01  4.58743197e-06  1.17519475e-05 
 3.83659837e-01  6.62489624e-01  2.89824845e-01  4.58743197e-06  1.17519475e-05 
 3.84159837e-01  6.62179792e-01  2.89574952e-01  4.58743197e-06  1.17519475e-05 
 3.84659837e-01  6.61869972e-01  2.89325079e-01  4.58743197e-06  1.17519475e-05 
 3.85159837e-01  6.61560163e-01  2.89075227e-01  4.58743197e-06  1.17519475e-05 
 3.85659837e-01  6.61250365e-01  2.88825395e-01  4.58743197e-06  1.17519475e-05 
 3.86159837e-01  6.60940577e-01  2.88575582e-01  4.58743197e-06  1.17519475e-05 
 3.86659837e-01  6.60630801e-01  2.88325789e-01  4.58743197e-06  1.17519475e-05 
 3.87159837e-01  6.60321036e-01  2.88076015e-01  4.58743197e-06  1.17519475e-05 
 3.87659837e-01  6.60011281e-01  2.87826259e-01  4.58743197e-06  1.17519475e-05 
 3.88159837e-01  6.59701538e-01  2.87576522e-01  4.58743197e-06  1.17519475e-05 
 3.88659837e-01  6.59391805e-01  2.87326803e-01  4.58743197e-06  1.17519475e-05 
 3.89159837e-01  6.59082084e-01  2.87077102e-01  4.58743197e-06  1.17519475e-05 
 3.89659837e-01  6.58772374e-01  2.86827419e-01  4.58743197e-06  1.17519475e-05 
 3.90159837e-01  6.58462674e-01  2.86577754e-01  4.58743197e-06  1.17519475e-05 
 3.90659837e-01  6.58152985e-01  2.86328107e-01  4.58743197e-06  1.17519475e-05 
 3.91159837e-01  6.57843308e-01  2.86078476e-01  4.58743197e-06  1.17519475e-05 
 3.91659837e-01  6.57533641e-01  2.85828864e-01  4.58743197e-06  1.17519475e-05 
 3.92159837e-01  6.57223986e-01  2.85579268e-01  4.58743197e-06  1.17519475e-05 
 3.92659837e-01  6.56914341e-01  2.85329690e-01  4.58743197e-06  1.17519475e-05 
 3.93159837e-01  6.56604707e-01  2.85080129e-01  4.58743197e-06  1.17519475e-05 
 3.93659837e-01  6.56295085e-01  2.84830585e-01  4.58743197e-06  1.17519475e-05 
 3.94159837e-01  6.55985473e-01  2.84581058e-01  4.58743197e-06  1.17519475e-05 
 3.94659837e-01  6.55675872e-01  2.84331548e-01  4.58743197e-06  1.17519475e-05 
 3.95159837e-01  6.55366283e-01  2.84082055e-01  4.58743197e-06  1.17519475e-05 
 3.95659837e-01  6.55056704e-01  2.83832579e-01  4.58743197e-06  1.17519475e-05 
 3.96159837e-01  6.54747136e-01  2.83583119e-01  4.58743197e-06  1.17519475e-05 
 3.96659837e-01  6.54437579e-01  2.83333676e-01  4.58743197e-06  1.17519475e-05 
 3.97159837e-01  6.54128033e-01  2.83084250e-01  4.58743197e-06  1.17519475e-05 
 3.97659837e-01  6.53818498e-01  2.82834841e-01  4.58743197e-06  1.17519475e-05 
 3.98159837e-01  6.53508974e-01  2.82585448e-01  4.58743197e-06  1.17519475e-05 
 3.98659837e-01  6.53199461e-01  2.82336072e-01  4.58743197e-06  1.17519475e-05 
 3.99159837e-01  6.52889959e-01  2.82086713e-01  4.58743197e-06  1.17519475e-05 
 3.99659837e-01  6.52580468e-01  2.81837370e-01  4.58743197e-06  1.17519475e-05 
 4.00000000e-01  6.52369920e-01  2.81667745e-01  4.58743197e-06  1.17519475e-05 
