 1.00000000e-05  3.63917680e-03  3.63917680e-03 
 1.07588488e-05  2.26312203e-03  2.26312203e-03 
 1.22765464e-05  3.04166254e-04  3.04166254e-04 
 1.53119416e-05 -4.83336453e-04 -4.83336453e-04 
 1.94928131e-05  3.90720832e-03  3.90720832e-03 
 2.59511133e-05  1.98108684e-02  1.98108684e-02 
 3.62117106e-05  5.80385665e-02  5.80385665e-02 
 5.35595900e-05  1.36366841e-01  1.36366841e-01 
 8.82553488e-05  2.58136045e-01  2.58136045e-01 
 1.57646866e-04  3.01454936e-01  3.01454936e-01 
 2.96429902e-04  2.95636338e-01  2.95636338e-01 
 4.96084115e-04  2.91705868e-01  2.91705868e-01 
 8.95392541e-04  2.91374370e-01  2.91374370e-01 
 1.00000000e-03  2.91452379e-01  2.91452379e-01 
 1.07986169e-03  2.91455142e-01  2.91455142e-01 
 1.23958506e-03  2.91462392e-01  2.91462392e-01 
 1.55903180e-03  2.91462738e-01  2.91462738e-01 
 2.19792528e-03  2.91480457e-01  2.91480457e-01 
 3.19792528e-03  2.91477118e-01  2.91477118e-01 
 4.19792528e-03  2.91469998e-01  2.91469998e-01 
 5.19792528e-03  2.91468762e-01  2.91468762e-01 
 6.19792528e-03  2.91463583e-01  2.91463583e-01 
 7.19792528e-03  2.91475142e-01  2.91475142e-01 
 8.19792528e-03  2.91485631e-01  2.91485631e-01 
 9.19792528e-03  2.91476314e-01  2.91476314e-01 
 1.01979253e-02  2.91459857e-01  2.91459857e-01 
 1.11979253e-02  2.91483091e-01  2.91483091e-01 
 1.21979253e-02  2.91472514e-01  2.91472514e-01 
 1.31979253e-02  2.91462053e-01  2.91462053e-01 
 1.41979253e-02  2.91464800e-01  2.91464800e-01 
 1.51979253e-02  2.91463696e-01  2.91463696e-01 
 1.61979253e-02  2.91466656e-01  2.91466656e-01 
 1.71979253e-02  2.91478543e-01  2.91478543e-01 
 1.81979253e-02  2.91473926e-01  2.91473926e-01 
 1.91979253e-02  2.91476410e-01  2.91476410e-01 
 2.01979253e-02  2.91468160e-01  2.91468160e-01 
 2.11979253e-02  2.91485977e-01  2.91485977e-01 
 2.21979253e-02  2.91454393e-01  2.91454393e-01 
 2.31979253e-02  2.91489583e-01  2.91489583e-01 
 2.41979253e-02  2.91489489e-01  2.91489489e-01 
 2.51979253e-02  2.91466609e-01  2.91466609e-01 
 2.61979253e-02  2.91485511e-01  2.91485511e-01 
 2.71979253e-02  2.91458830e-01  2.91458830e-01 
 2.81979253e-02  2.91479491e-01  2.91479491e-01 
 2.91979253e-02  2.91466685e-01  2.91466685e-01 
 3.01979253e-02  2.91481240e-01  2.91481240e-01 
 3.11979253e-02  2.91473946e-01  2.91473946e-01 
 3.21979253e-02  2.91457355e-01  2.91457355e-01 
 3.31979253e-02  2.91464183e-01  2.91464183e-01 
 3.41979253e-02  2.91488517e-01  2.91488517e-01 
 3.51979253e-02  2.91480895e-01  2.91480895e-01 
 3.61979253e-02  2.91466397e-01  2.91466397e-01 
 3.71979253e-02  2.91467046e-01  2.91467046e-01 
 3.81979253e-02  2.91464772e-01  2.91464772e-01 
 3.91979253e-02  2.91465990e-01  2.91465990e-01 
 4.01979253e-02  2.91461268e-01  2.91461268e-01 
 4.11979253e-02  2.91461800e-01  2.91461800e-01 
 4.21979253e-02  2.91464777e-01  2.91464777e-01 
 4.31979253e-02  2.91465179e-01  2.91465179e-01 
 4.41979253e-02  2.91488105e-01  2.91488105e-01 
 4.51979253e-02  2.91467843e-01  2.91467843e-01 
 4.61979253e-02  2.91474622e-01  2.91474622e-01 
 4.71979253e-02  2.91486123e-01  2.91486123e-01 
 4.81979253e-02  2.91487097e-01  2.91487097e-01 
 4.91979253e-02  2.91457087e-01  2.91457087e-01 
 5.01979253e-02  2.91481661e-01  2.91481661e-01 
 5.11979253e-02  2.91471853e-01  2.91471853e-01 
 5.21979253e-02  2.91462812e-01  2.91462812e-01 
 5.31979253e-02  2.91480430e-01  2.91480430e-01 
 5.41979253e-02  2.91490088e-01  2.91490088e-01 
 5.51979253e-02  2.91463878e-01  2.91463878e-01 
 5.61979253e-02  2.91480571e-01  2.91480571e-01 
 5.71979253e-02  2.91484468e-01  2.91484468e-01 
 5.81979253e-02  2.91459170e-01  2.91459170e-01 
 5.91979253e-02  2.91453310e-01  2.91453310e-01 
 6.01979253e-02  2.91473554e-01  2.91473554e-01 
 6.11979253e-02  2.91459549e-01  2.91459549e-01 
 6.21979253e-02  2.91459933e-01  2.91459933e-01 
 6.31979253e-02  2.91488822e-01  2.91488822e-01 
 6.41979253e-02  2.91477294e-01  2.91477294e-01 
 6.51979253e-02  2.91489544e-01  2.91489544e-01 
 6.61979253e-02  2.91478563e-01  2.91478563e-01 
 6.71979253e-02  2.91464070e-01  2.91464070e-01 
 6.81979253e-02  2.91488891e-01  2.91488891e-01 
 6.91979253e-02  2.91487078e-01  2.91487078e-01 
 7.01979253e-02  2.91475460e-01  2.91475460e-01 
 7.11979253e-02  2.91475723e-01  2.91475723e-01 
 7.21979253e-02  2.91485802e-01  2.91485802e-01 
 7.31979253e-02  2.91474599e-01  2.91474599e-01 
 7.41979253e-02  2.91472520e-01  2.91472520e-01 
 7.51979253e-02  2.91484508e-01  2.91484508e-01 
 7.61979253e-02  2.91478996e-01  2.91478996e-01 
 7.71979253e-02  2.91467894e-01  2.91467894e-01 
 7.81979253e-02  2.91463624e-01  2.91463624e-01 
 7.91979253e-02  2.91481959e-01  2.91481959e-01 
 8.01979253e-02  2.91467729e-01  2.91467729e-01 
 8.11979253e-02  2.91478534e-01  2.91478534e-01 
 8.21979253e-02  2.91466096e-01  2.91466096e-01 
 8.31979253e-02  2.91479658e-01  2.91479658e-01 
 8.41979253e-02  2.91455463e-01  2.91455463e-01 
 8.51979253e-02  2.91473147e-01  2.91473147e-01 
 8.61979253e-02  2.91476752e-01  2.91476752e-01 
 8.71979253e-02  2.91478651e-01  2.91478651e-01 
 8.81979253e-02  2.91480059e-01  2.91480059e-01 
 8.91979253e-02  2.91486646e-01  2.91486646e-01 
 9.01979253e-02  2.91455622e-01  2.91455622e-01 
 9.11979253e-02  2.91463872e-01  2.91463872e-01 
 9.21979253e-02  2.91457979e-01  2.91457979e-01 
 9.31979253e-02  2.91468311e-01  2.91468311e-01 
 9.41979253e-02  2.91466288e-01  2.91466288e-01 
 9.51979253e-02  2.91478670e-01  2.91478670e-01 
 9.61979253e-02  2.91478389e-01  2.91478389e-01 
 9.71979253e-02  2.91462542e-01  2.91462542e-01 
 9.81979253e-02  2.91468222e-01  2.91468222e-01 
 9.91979253e-02  2.91470790e-01  2.91470790e-01 
 1.00197925e-01  2.91466907e-01  2.91466907e-01 
 1.01197925e-01  2.91469782e-01  2.91469782e-01 
 1.02197925e-01  2.91461874e-01  2.91461874e-01 
 1.03197925e-01  2.91481827e-01  2.91481827e-01 
 1.04197925e-01  2.91478387e-01  2.91478387e-01 
 1.05197925e-01  2.91478367e-01  2.91478367e-01 
 1.06197925e-01  2.91464254e-01  2.91464254e-01 
 1.07197925e-01  2.91454427e-01  2.91454427e-01 
 1.08197925e-01  2.91453119e-01  2.91453119e-01 
 1.09197925e-01  2.91466291e-01  2.91466291e-01 
 1.10197925e-01  2.91472144e-01  2.91472144e-01 
 1.11197925e-01  2.91461693e-01  2.91461693e-01 
 1.12197925e-01  2.91462290e-01  2.91462290e-01 
 1.13197925e-01  2.91468767e-01  2.91468767e-01 
 1.14197925e-01  2.91480416e-01  2.91480416e-01 
 1.15197925e-01  2.91485663e-01  2.91485663e-01 
 1.16197925e-01  2.91477423e-01  2.91477423e-01 
 1.17197925e-01  2.91475545e-01  2.91475545e-01 
 1.18197925e-01  2.91469175e-01  2.91469175e-01 
 1.19197925e-01  2.91468237e-01  2.91468237e-01 
 1.20197925e-01  2.91461947e-01  2.91461947e-01 
 1.21197925e-01  2.91455436e-01  2.91455436e-01 
 1.22197925e-01  2.91484135e-01  2.91484135e-01 
 1.23197925e-01  2.91480744e-01  2.91480744e-01 
 1.24197925e-01  2.91457144e-01  2.91457144e-01 
 1.25197925e-01  2.91489487e-01  2.91489487e-01 
 1.26197925e-01  2.91468380e-01  2.91468380e-01 
 1.27197925e-01  2.91472418e-01  2.91472418e-01 
 1.28197925e-01  2.91489146e-01  2.91489146e-01 
 1.29197925e-01  2.91469332e-01  2.91469332e-01 
 1.30197925e-01  2.91488530e-01  2.91488530e-01 
 1.31197925e-01  2.91482628e-01  2.91482628e-01 
 1.32197925e-01  2.91452675e-01  2.91452675e-01 
 1.33197925e-01  2.91488940e-01  2.91488940e-01 
 1.34197925e-01  2.91454129e-01  2.91454129e-01 
 1.35197925e-01  2.91464552e-01  2.91464552e-01 
 1.36197925e-01  2.91478442e-01  2.91478442e-01 
 1.37197925e-01  2.91487562e-01  2.91487562e-01 
 1.38197925e-01  2.91480363e-01  2.91480363e-01 
 1.39197925e-01  2.91465607e-01  2.91465607e-01 
 1.40197925e-01  2.91459521e-01  2.91459521e-01 
 1.41197925e-01  2.91478001e-01  2.91478001e-01 
 1.42197925e-01  2.91478824e-01  2.91478824e-01 
 1.43197925e-01  2.91473580e-01  2.91473580e-01 
 1.44197925e-01  2.91469437e-01  2.91469437e-01 
 1.45197925e-01  2.91486079e-01  2.91486079e-01 
 1.46197925e-01  2.91485174e-01  2.91485174e-01 
 1.47197925e-01  2.91468288e-01  2.91468288e-01 
 1.48197925e-01  2.91463499e-01  2.91463499e-01 
 1.49197925e-01  2.91477339e-01  2.91477339e-01 
 1.50197925e-01  2.91479287e-01  2.91479287e-01 
 1.51197925e-01  2.91484965e-01  2.91484965e-01 
 1.52197925e-01  2.91475506e-01  2.91475506e-01 
 1.53197925e-01  2.91453036e-01  2.91453036e-01 
 1.54197925e-01  2.91468086e-01  2.91468086e-01 
 1.55197925e-01  2.91460016e-01  2.91460016e-01 
 1.56197925e-01  2.91467319e-01  2.91467319e-01 
 1.57197925e-01  2.91475946e-01  2.91475946e-01 
 1.58197925e-01  2.91470391e-01  2.91470391e-01 
 1.59197925e-01  2.91482803e-01  2.91482803e-01 
 1.60197925e-01  2.91469792e-01  2.91469792e-01 
 1.61197925e-01  2.91463570e-01  2.91463570e-01 
 1.62197925e-01  2.91467569e-01  2.91467569e-01 
 1.63197925e-01  2.91454052e-01  2.91454052e-01 
 1.64197925e-01  2.91462495e-01  2.91462495e-01 
 1.65197925e-01  2.91487989e-01  2.91487989e-01 
 1.66197925e-01  2.91485421e-01  2.91485421e-01 
 1.67197925e-01  2.91458142e-01  2.91458142e-01 
 1.68197925e-01  2.91470263e-01  2.91470263e-01 
 1.69197925e-01  2.91454638e-01  2.91454638e-01 
 1.70197925e-01  2.91490134e-01  2.91490134e-01 
 1.71197925e-01  2.91457195e-01  2.91457195e-01 
 1.72197925e-01  2.91461427e-01  2.91461427e-01 
 1.73197925e-01  2.91488626e-01  2.91488626e-01 
 1.74197925e-01  2.91463771e-01  2.91463771e-01 
 1.75197925e-01  2.91489518e-01  2.91489518e-01 
 1.76197925e-01  2.91459758e-01  2.91459758e-01 
 1.77197925e-01  2.91464090e-01  2.91464090e-01 
 1.78197925e-01  2.91469951e-01  2.91469951e-01 
 1.79197925e-01  2.91484503e-01  2.91484503e-01 
 1.80197925e-01  2.91458874e-01  2.91458874e-01 
 1.81197925e-01  2.91487353e-01  2.91487353e-01 
 1.82197925e-01  2.91463799e-01  2.91463799e-01 
 1.83197925e-01  2.91460524e-01  2.91460524e-01 
 1.84197925e-01  2.91466834e-01  2.91466834e-01 
 1.85197925e-01  2.91465340e-01  2.91465340e-01 
 1.86197925e-01  2.91475666e-01  2.91475666e-01 
 1.87197925e-01  2.91480556e-01  2.91480556e-01 
 1.88197925e-01  2.91476689e-01  2.91476689e-01 
 1.89197925e-01  2.91463123e-01  2.91463123e-01 
 1.90197925e-01  2.91488741e-01  2.91488741e-01 
 1.91197925e-01  2.91453256e-01  2.91453256e-01 
 1.92197925e-01  2.91453453e-01  2.91453453e-01 
 1.93197925e-01  2.91479473e-01  2.91479473e-01 
 1.94197925e-01  2.91466520e-01  2.91466520e-01 
 1.95197925e-01  2.91479006e-01  2.91479006e-01 
 1.96197925e-01  2.91481538e-01  2.91481538e-01 
 1.97197925e-01  2.91466837e-01  2.91466837e-01 
 1.98197925e-01  2.91468748e-01  2.91468748e-01 
 1.99197925e-01  2.91486043e-01  2.91486043e-01 
 2.00000000e-01  2.91475923e-01  2.91475923e-01 
