0.0000000e+00 2.3833745e-01
1.1111111e-02 2.4919141e-01
2.2222222e-02 2.5280940e-01
3.3333333e-02 2.4195544e-01
4.4444444e-02 2.4557342e-01
5.5555556e-02 2.6728134e-01
6.6666667e-02 2.4557342e-01
7.7777778e-02 2.6004537e-01
8.8888889e-02 2.5642738e-01
1.0000000e-01 2.3833745e-01
1.1111111e-01 2.5280940e-01
1.2222222e-01 2.8537127e-01
1.3333333e-01 2.6728134e-01
1.4444444e-01 2.8898926e-01
1.5555556e-01 2.9984322e-01
1.6666667e-01 2.7089933e-01
1.7777778e-01 2.7451731e-01
1.8888889e-01 2.7451731e-01
2.0000000e-01 2.4919141e-01
2.1111111e-01 2.4557342e-01
2.2222222e-01 2.5642738e-01
2.3333333e-01 2.6004537e-01
2.4444444e-01 2.4919141e-01
2.5555556e-01 2.2024752e-01
2.6666667e-01 1.3703383e-01
2.7777778e-01 4.3370872e-01
2.8888889e-01 7.8465342e-01
3.0000000e-01 5.3501235e-01
3.1111111e-01 2.2748349e-01
3.2222222e-01 2.3110148e-01
3.3333333e-01 2.1662953e-01
3.4444444e-01 2.2024752e-01
3.5555556e-01 2.1662953e-01
3.6666667e-01 2.1301154e-01
3.7777778e-01 2.0577557e-01
3.8888889e-01 2.2386550e-01
4.0000000e-01 2.2024752e-01
4.1111111e-01 2.2386550e-01
4.2222222e-01 2.3110148e-01
4.3333333e-01 2.2024752e-01
4.4444444e-01 2.1301154e-01
4.5555556e-01 2.2386550e-01
4.6666667e-01 2.0577557e-01
4.7777778e-01 2.0577557e-01
4.8888889e-01 2.0939356e-01
5.0000000e-01 1.7683168e-01
5.1111111e-01 1.6597772e-01
5.2222222e-01 1.5512376e-01
5.3333333e-01 1.3341584e-01
5.4444444e-01 1.2256188e-01
5.5555556e-01 1.3341584e-01
5.6666667e-01 1.3341584e-01
5.7777778e-01 1.7683168e-01
5.8888889e-01 2.1662953e-01
6.0000000e-01 2.2024752e-01
6.1111111e-01 2.5280940e-01
6.2222222e-01 2.8175329e-01
6.3333333e-01 2.7089933e-01
6.4444444e-01 2.6366335e-01
6.5555556e-01 2.7813530e-01
6.6666667e-01 2.6004537e-01
6.7777778e-01 2.7089933e-01
6.8888889e-01 2.7451731e-01
7.0000000e-01 2.5642738e-01
7.1111111e-01 2.5642738e-01
7.2222222e-01 2.6728134e-01
7.3333333e-01 2.4919141e-01
7.4444444e-01 2.6004537e-01
7.5555556e-01 2.5280940e-01
7.6666667e-01 2.4919141e-01
7.7777778e-01 2.4919141e-01
7.8888889e-01 2.6366335e-01
8.0000000e-01 2.4195544e-01
8.1111111e-01 2.6366335e-01
8.2222222e-01 2.7089933e-01
8.3333333e-01 2.4919141e-01
8.4444444e-01 2.6366335e-01
8.5555556e-01 2.7451731e-01
8.6666667e-01 2.5642738e-01
8.7777778e-01 2.7089933e-01
8.8888889e-01 2.6728134e-01
9.0000000e-01 2.6728134e-01
9.1111111e-01 2.8175329e-01
9.2222222e-01 2.9984322e-01
9.3333333e-01 3.0707919e-01
9.4444444e-01 3.1431517e-01
9.5555556e-01 2.9622523e-01
9.6666667e-01 2.8175329e-01
9.7777778e-01 2.7451731e-01
9.8888889e-01 2.8175329e-01
1.0000000e+00 2.6366335e-01
1.0111111e+00 2.7089933e-01
1.0222222e+00 2.7089933e-01
1.0333333e+00 2.6366335e-01
1.0444444e+00 2.4557342e-01
1.0555556e+00 1.8044966e-01
1.0666667e+00 3.2878711e-01
1.0777778e+00 6.1460805e-01
1.0888889e+00 7.1952966e-01
1.1000000e+00 2.0215758e-01
1.1111111e+00 2.4557342e-01
1.1222222e+00 2.5642738e-01
1.1333333e+00 2.3471946e-01
1.1444444e+00 2.4557342e-01
1.1555556e+00 2.4557342e-01
1.1666667e+00 2.3110148e-01
1.1777778e+00 2.4195544e-01
1.1888889e+00 2.4919141e-01
1.2000000e+00 2.3471946e-01
1.2111111e+00 2.4195544e-01
1.2222222e+00 2.4919141e-01
1.2333333e+00 2.3833745e-01
1.2444444e+00 2.3110148e-01
1.2555556e+00 2.4557342e-01
1.2666667e+00 2.2748349e-01
1.2777778e+00 2.1662953e-01
1.2888889e+00 2.2024752e-01
1.3000000e+00 1.9492161e-01
1.3111111e+00 1.7683168e-01
1.3222222e+00 1.8044966e-01
1.3333333e+00 1.5150577e-01
1.3444444e+00 1.5150577e-01
1.3555556e+00 1.6597772e-01
1.3666667e+00 1.8044966e-01
1.3777778e+00 2.2024752e-01
1.3888889e+00 2.5280940e-01
1.4000000e+00 2.5280940e-01
1.4111111e+00 2.6004537e-01
1.4222222e+00 2.7089933e-01
1.4333333e+00 2.5642738e-01
1.4444444e+00 2.5642738e-01
1.4555556e+00 2.6366335e-01
1.4666667e+00 2.4919141e-01
1.4777778e+00 2.4919141e-01
1.4888889e+00 2.6004537e-01
1.5000000e+00 2.3833745e-01
1.5111111e+00 2.3471946e-01
1.5222222e+00 2.3471946e-01
1.5333333e+00 2.2748349e-01
1.5444444e+00 2.2748349e-01
1.5555556e+00 2.3833745e-01
1.5666667e+00 2.2024752e-01
1.5777778e+00 2.2748349e-01
1.5888889e+00 2.3471946e-01
1.6000000e+00 2.1301154e-01
1.6111111e+00 2.3471946e-01
1.6222222e+00 2.3471946e-01
1.6333333e+00 2.2024752e-01
1.6444444e+00 2.1662953e-01
1.6555556e+00 2.3110148e-01
1.6666667e+00 2.0939356e-01
1.6777778e+00 2.4557342e-01
1.6888889e+00 2.5280940e-01
1.7000000e+00 2.4919141e-01
1.7111111e+00 2.4919141e-01
1.7222222e+00 2.5280940e-01
1.7333333e+00 2.3833745e-01
1.7444444e+00 2.1301154e-01
1.7555556e+00 2.1662953e-01
1.7666667e+00 2.2024752e-01
1.7777778e+00 2.1662953e-01
1.7888889e+00 2.0939356e-01
1.8000000e+00 1.9853960e-01
1.8111111e+00 2.0215758e-01
1.8222222e+00 1.6235973e-01
1.8333333e+00 1.8768564e-01
1.8444444e+00 4.3009074e-01
1.8555556e+00 6.6887785e-01
1.8666667e+00 9.0000000e-02
1.8777778e+00 1.5874174e-01
1.8888889e+00 1.8768564e-01
1.9000000e+00 1.7321369e-01
1.9111111e+00 1.7321369e-01
1.9222222e+00 1.9130362e-01
1.9333333e+00 1.8044966e-01
1.9444444e+00 1.8768564e-01
1.9555556e+00 1.8406765e-01
1.9666667e+00 1.7321369e-01
1.9777778e+00 1.7683168e-01
1.9888889e+00 1.8768564e-01
2.0000000e+00 1.8044966e-01
2.0111111e+00 1.7683168e-01
2.0222222e+00 1.8406765e-01
2.0333333e+00 1.6959570e-01
2.0444444e+00 1.6235973e-01
2.0555556e+00 1.6959570e-01
2.0666667e+00 1.5150577e-01
2.0777778e+00 1.4426980e-01
2.0888889e+00 1.4065181e-01
2.1000000e+00 1.0808993e-01
2.1111111e+00 9.0000000e-02
2.1222222e+00 8.6382013e-02
2.1333333e+00 7.5528054e-02
2.1444444e+00 1.0447195e-01
2.1555556e+00 1.5150577e-01
2.1666667e+00 1.6235973e-01
2.1777778e+00 2.1301154e-01
2.1888889e+00 2.2748349e-01
2.2000000e+00 2.2386550e-01
2.2111111e+00 2.2748349e-01
2.2222222e+00 2.4557342e-01
2.2333333e+00 2.3471946e-01
2.2444444e+00 2.3471946e-01
2.2555556e+00 2.3833745e-01
2.2666667e+00 2.3110148e-01
2.2777778e+00 2.2748349e-01
2.2888889e+00 2.3110148e-01
2.3000000e+00 2.1662953e-01
2.3111111e+00 2.2386550e-01
2.3222222e+00 2.3833745e-01
2.3333333e+00 2.1662953e-01
2.3444444e+00 2.2386550e-01
2.3555556e+00 2.3110148e-01
2.3666667e+00 2.1662953e-01
2.3777778e+00 2.2748349e-01
2.3888889e+00 2.3110148e-01
2.4000000e+00 2.1301154e-01
2.4111111e+00 2.2386550e-01
2.4222222e+00 2.3110148e-01
2.4333333e+00 2.2024752e-01
2.4444444e+00 2.2024752e-01
2.4555556e+00 2.3471946e-01
2.4666667e+00 2.1662953e-01
2.4777778e+00 2.2386550e-01
2.4888889e+00 2.4195544e-01
2.5000000e+00 2.4195544e-01
2.5111111e+00 2.5280940e-01
2.5222222e+00 2.6366335e-01
2.5333333e+00 2.5642738e-01
2.5444444e+00 2.7089933e-01
2.5555556e+00 2.5642738e-01
2.5666667e+00 2.3833745e-01
2.5777778e+00 2.4195544e-01
2.5888889e+00 2.4195544e-01
2.6000000e+00 2.2024752e-01
2.6111111e+00 2.3110148e-01
2.6222222e+00 2.3833745e-01
2.6333333e+00 2.3110148e-01
2.6444444e+00 2.2748349e-01
2.6555556e+00 1.9853960e-01
2.6666667e+00 1.2256188e-01
2.6777778e+00 3.4687705e-01
2.6888889e+00 6.9420376e-01
2.7000000e+00 7.4847355e-01
2.7111111e+00 1.7321369e-01
2.7222222e+00 2.1662953e-01
2.7333333e+00 1.9853960e-01
2.7444444e+00 2.0215758e-01
2.7555556e+00 2.0939356e-01
2.7666667e+00 1.9130362e-01
2.7777778e+00 1.9853960e-01
2.7888889e+00 1.9853960e-01
2.8000000e+00 2.0215758e-01
2.8111111e+00 2.0577557e-01
2.8222222e+00 2.0577557e-01
2.8333333e+00 2.0577557e-01
2.8444444e+00 2.0215758e-01
2.8555556e+00 2.0939356e-01
2.8666667e+00 1.9492161e-01
2.8777778e+00 1.9492161e-01
2.8888889e+00 1.8768564e-01
2.9000000e+00 1.8044966e-01
2.9111111e+00 1.6235973e-01
2.9222222e+00 1.6235973e-01
2.9333333e+00 1.2617987e-01
2.9444444e+00 1.2256188e-01
2.9555556e+00 1.0808993e-01
2.9666667e+00 1.0808993e-01
2.9777778e+00 1.0808993e-01
2.9888889e+00 1.5512376e-01
3.0000000e+00 1.7683168e-01
3.0111111e+00 2.2386550e-01
3.0222222e+00 2.4195544e-01
3.0333333e+00 2.5280940e-01
3.0444444e+00 2.5642738e-01
3.0555556e+00 2.6728134e-01
3.0666667e+00 2.5642738e-01
3.0777778e+00 2.5280940e-01
3.0888889e+00 2.7089933e-01
3.1000000e+00 2.5280940e-01
3.1111111e+00 2.5642738e-01
3.1222222e+00 2.5642738e-01
3.1333333e+00 2.4195544e-01
3.1444444e+00 2.3471946e-01
3.1555556e+00 2.4557342e-01
3.1666667e+00 2.2024752e-01
3.1777778e+00 2.3471946e-01
3.1888889e+00 2.3833745e-01
3.2000000e+00 2.2748349e-01
3.2111111e+00 2.2386550e-01
3.2222222e+00 2.3110148e-01
3.2333333e+00 2.2386550e-01
3.2444444e+00 2.1301154e-01
3.2555556e+00 2.3833745e-01
3.2666667e+00 2.1662953e-01
3.2777778e+00 2.2386550e-01
3.2888889e+00 2.3833745e-01
3.3000000e+00 2.2024752e-01
3.3111111e+00 2.3110148e-01
3.3222222e+00 2.3110148e-01
3.3333333e+00 2.2024752e-01
3.3444444e+00 2.2386550e-01
3.3555556e+00 2.4557342e-01
3.3666667e+00 2.3833745e-01
3.3777778e+00 2.7089933e-01
3.3888889e+00 2.6366335e-01
3.4000000e+00 2.6004537e-01
3.4111111e+00 2.4195544e-01
3.4222222e+00 2.4195544e-01
3.4333333e+00 2.2024752e-01
3.4444444e+00 2.2386550e-01
3.4555556e+00 2.2748349e-01
3.4666667e+00 2.0215758e-01
3.4777778e+00 2.1662953e-01
3.4888889e+00 2.2748349e-01
3.5000000e+00 1.6235973e-01
3.5111111e+00 1.2979785e-01
3.5222222e+00 1.1170792e-01
3.5333333e+00 3.8305691e-01
3.5444444e+00 6.8696778e-01
3.5555556e+00 7.2314765e-01
3.5666667e+00 1.6235973e-01
3.5777778e+00 2.0215758e-01
3.5888889e+00 1.9492161e-01
3.6000000e+00 1.8768564e-01
3.6111111e+00 1.8768564e-01
3.6222222e+00 1.9853960e-01
3.6333333e+00 1.7683168e-01
3.6444444e+00 1.9492161e-01
3.6555556e+00 1.9853960e-01
3.6666667e+00 1.9130362e-01
3.6777778e+00 1.9492161e-01
3.6888889e+00 2.0939356e-01
3.7000000e+00 1.8044966e-01
3.7111111e+00 1.9492161e-01
3.7222222e+00 1.9492161e-01
3.7333333e+00 1.8044966e-01
3.7444444e+00 1.8768564e-01
3.7555556e+00 1.8044966e-01
3.7666667e+00 1.5512376e-01
3.7777778e+00 1.4426980e-01
3.7888889e+00 1.4065181e-01
3.8000000e+00 1.1170792e-01
3.8111111e+00 1.0085396e-01
3.8222222e+00 9.7235973e-02
3.8333333e+00 9.0000000e-02
3.8444444e+00 1.1894389e-01
