0.0000000e+00 1.5998574e-01
1.1111111e-02 1.6768776e-01
2.2222222e-02 1.7025510e-01
3.3333333e-02 1.6768776e-01
4.4444444e-02 1.7795713e-01
5.5555556e-02 1.7538979e-01
6.6666667e-02 1.6512042e-01
7.7777778e-02 1.7795713e-01
8.8888889e-02 1.7795713e-01
1.0000000e-01 1.9079384e-01
1.1111111e-01 2.1389991e-01
1.2222222e-01 2.2930397e-01
1.3333333e-01 2.2930397e-01
1.4444444e-01 2.2160194e-01
1.5555556e-01 2.2160194e-01
1.6666667e-01 2.2930397e-01
1.7777778e-01 2.0876523e-01
1.8888889e-01 1.8565915e-01
2.0000000e-01 1.6255308e-01
2.1111111e-01 1.7025510e-01
2.2222222e-01 1.6512042e-01
2.3333333e-01 1.5228371e-01
2.4444444e-01 1.7025510e-01
2.5555556e-01 1.6512042e-01
2.6666667e-01 9.5802192e-02
2.7777778e-01 8.5532825e-02
2.8888889e-01 4.1671992e-01
3.0000000e-01 8.1722523e-01
3.1111111e-01 1.7538979e-01
3.2222222e-01 1.5485105e-01
3.3333333e-01 1.4458169e-01
3.4444444e-01 1.4971637e-01
3.5555556e-01 1.4714903e-01
3.6666667e-01 1.3431232e-01
3.7777778e-01 1.4458169e-01
3.8888889e-01 1.4201434e-01
4.0000000e-01 1.4201434e-01
4.1111111e-01 1.4714903e-01
4.2222222e-01 1.4714903e-01
4.3333333e-01 1.3944700e-01
4.4444444e-01 1.5485105e-01
4.5555556e-01 1.4458169e-01
4.6666667e-01 1.4971637e-01
4.7777778e-01 1.5485105e-01
4.8888889e-01 1.4714903e-01
5.0000000e-01 1.4201434e-01
5.1111111e-01 1.5228371e-01
5.2222222e-01 1.4458169e-01
5.3333333e-01 1.4714903e-01
5.4444444e-01 1.4971637e-01
5.5555556e-01 1.4458169e-01
5.6666667e-01 1.4458169e-01
5.7777778e-01 1.5485105e-01
5.8888889e-01 1.6512042e-01
6.0000000e-01 1.7538979e-01
6.1111111e-01 1.8052447e-01
6.2222222e-01 2.0363055e-01
6.3333333e-01 1.9592852e-01
6.4444444e-01 2.0363055e-01
6.5555556e-01 1.9849586e-01
6.6666667e-01 1.9592852e-01
6.7777778e-01 2.0619789e-01
6.8888889e-01 1.9592852e-01
7.0000000e-01 1.9079384e-01
7.1111111e-01 2.0106321e-01
7.2222222e-01 1.9336118e-01
7.3333333e-01 1.8565915e-01
7.4444444e-01 1.9336118e-01
7.5555556e-01 1.8052447e-01
7.6666667e-01 1.7282245e-01
7.7777778e-01 1.8565915e-01
7.8888889e-01 1.9079384e-01
8.0000000e-01 1.7538979e-01
8.1111111e-01 1.8565915e-01
8.2222222e-01 1.8309181e-01
8.3333333e-01 1.7795713e-01
8.4444444e-01 1.9592852e-01
8.5555556e-01 1.8822650e-01
8.6666667e-01 1.8052447e-01
8.7777778e-01 1.9079384e-01
8.8888889e-01 2.0619789e-01
9.0000000e-01 2.1389991e-01
9.1111111e-01 2.3443865e-01
9.2222222e-01 2.4984270e-01
9.3333333e-01 2.3187131e-01
9.4444444e-01 2.3443865e-01
9.5555556e-01 2.4984270e-01
9.6666667e-01 2.1133257e-01
9.7777778e-01 1.9592852e-01
9.8888889e-01 1.8565915e-01
1.0000000e+00 1.8052447e-01
1.0111111e+00 1.8822650e-01
1.0222222e+00 1.7795713e-01
1.0333333e+00 1.6768776e-01
1.0444444e+00 1.7795713e-01
1.0555556e+00 1.2404295e-01
1.0666667e+00 7.0128775e-02
1.0777778e+00 2.9605485e-01
1.0888889e+00 7.6331106e-01
1.1000000e+00 3.7307510e-01
1.1111111e+00 1.2917764e-01
1.1222222e+00 1.5998574e-01
1.1333333e+00 1.5741840e-01
1.1444444e+00 1.7025510e-01
1.1555556e+00 1.6768776e-01
1.1666667e+00 1.5485105e-01
1.1777778e+00 1.6512042e-01
1.1888889e+00 1.5998574e-01
1.2000000e+00 1.5741840e-01
1.2111111e+00 1.6768776e-01
1.2222222e+00 1.7025510e-01
1.2333333e+00 1.5228371e-01
1.2444444e+00 1.5485105e-01
1.2555556e+00 1.5998574e-01
1.2666667e+00 1.6768776e-01
1.2777778e+00 1.6512042e-01
1.2888889e+00 1.5998574e-01
1.3000000e+00 1.5485105e-01
1.3111111e+00 1.6255308e-01
1.3222222e+00 1.6768776e-01
1.3333333e+00 1.4714903e-01
1.3444444e+00 1.5998574e-01
1.3555556e+00 1.5228371e-01
1.3666667e+00 1.5485105e-01
1.3777778e+00 1.7282245e-01
1.3888889e+00 1.8309181e-01
1.4000000e+00 1.8822650e-01
1.4111111e+00 2.0876523e-01
1.4222222e+00 2.1389991e-01
1.4333333e+00 2.0619789e-01
1.4444444e+00 2.1389991e-01
1.4555556e+00 2.0619789e-01
1.4666667e+00 1.9336118e-01
1.4777778e+00 2.0363055e-01
1.4888889e+00 1.9592852e-01
1.5000000e+00 1.9336118e-01
1.5111111e+00 1.9849586e-01
1.5222222e+00 1.8822650e-01
1.5333333e+00 1.8309181e-01
1.5444444e+00 1.8309181e-01
1.5555556e+00 1.7795713e-01
1.5666667e+00 1.7538979e-01
1.5777778e+00 1.8309181e-01
1.5888889e+00 1.7795713e-01
1.6000000e+00 1.8052447e-01
1.6111111e+00 1.8565915e-01
1.6222222e+00 1.8822650e-01
1.6333333e+00 1.7538979e-01
1.6444444e+00 1.9336118e-01
1.6555556e+00 1.9336118e-01
1.6666667e+00 2.0619789e-01
1.6777778e+00 2.2930397e-01
1.6888889e+00 2.3700599e-01
1.7000000e+00 2.2416928e-01
1.7111111e+00 2.2160194e-01
1.7222222e+00 2.1646726e-01
1.7333333e+00 1.9849586e-01
1.7444444e+00 1.8309181e-01
1.7555556e+00 1.7538979e-01
1.7666667e+00 1.7282245e-01
1.7777778e+00 1.7025510e-01
1.7888889e+00 1.6255308e-01
1.8000000e+00 1.5741840e-01
1.8111111e+00 1.6512042e-01
1.8222222e+00 1.3431232e-01
1.8333333e+00 7.5263458e-02
1.8444444e+00 2.0876523e-01
1.8555556e+00 6.5805004e-01
1.8666667e+00 5.5278903e-01
1.8777778e+00 1.0093688e-01
1.8888889e+00 1.4971637e-01
1.9000000e+00 1.4201434e-01
1.9111111e+00 1.4458169e-01
1.9222222e+00 1.5228371e-01
1.9333333e+00 1.4458169e-01
1.9444444e+00 1.4971637e-01
1.9555556e+00 1.4458169e-01
1.9666667e+00 1.3687966e-01
1.9777778e+00 1.4201434e-01
1.9888889e+00 1.4971637e-01
2.0000000e+00 1.3944700e-01
2.0111111e+00 1.3431232e-01
2.0222222e+00 1.4201434e-01
2.0333333e+00 1.3431232e-01
2.0444444e+00 1.3944700e-01
2.0555556e+00 1.4714903e-01
2.0666667e+00 1.3944700e-01
2.0777778e+00 1.4458169e-01
2.0888889e+00 1.3687966e-01
2.1000000e+00 1.2147561e-01
2.1111111e+00 1.2147561e-01
2.1222222e+00 1.1634093e-01
2.1333333e+00 1.1634093e-01
2.1444444e+00 1.2404295e-01
2.1555556e+00 1.2917764e-01
2.1666667e+00 1.5228371e-01
2.1777778e+00 1.7025510e-01
2.1888889e+00 1.8565915e-01
2.2000000e+00 1.9079384e-01
2.2111111e+00 1.9592852e-01
2.2222222e+00 1.9592852e-01
2.2333333e+00 1.9336118e-01
2.2444444e+00 2.0106321e-01
2.2555556e+00 1.8822650e-01
2.2666667e+00 1.8052447e-01
2.2777778e+00 1.8822650e-01
2.2888889e+00 1.8822650e-01
2.3000000e+00 1.8052447e-01
2.3111111e+00 1.8822650e-01
2.3222222e+00 1.8565915e-01
2.3333333e+00 1.7538979e-01
2.3444444e+00 1.8309181e-01
2.3555556e+00 1.7795713e-01
2.3666667e+00 1.7282245e-01
2.3777778e+00 1.8565915e-01
2.3888889e+00 1.8822650e-01
2.4000000e+00 1.7282245e-01
2.4111111e+00 1.7538979e-01
2.4222222e+00 1.8052447e-01
2.4333333e+00 1.7538979e-01
2.4444444e+00 1.8309181e-01
2.4555556e+00 1.8309181e-01
2.4666667e+00 1.8309181e-01
2.4777778e+00 2.0619789e-01
2.4888889e+00 2.1903460e-01
2.5000000e+00 2.2160194e-01
2.5111111e+00 2.3700599e-01
2.5222222e+00 2.2930397e-01
2.5333333e+00 2.2416928e-01
2.5444444e+00 2.2930397e-01
2.5555556e+00 2.3443865e-01
2.5666667e+00 2.0876523e-01
2.5777778e+00 1.8565915e-01
2.5888889e+00 1.7538979e-01
2.6000000e+00 1.7795713e-01
2.6111111e+00 1.8565915e-01
2.6222222e+00 1.7795713e-01
2.6333333e+00 1.5741840e-01
2.6444444e+00 1.7538979e-01
2.6555556e+00 1.6512042e-01
2.6666667e+00 1.1120624e-01
2.6777778e+00 7.7830800e-02
2.6888889e+00 3.4740169e-01
2.7000000e+00 7.9668650e-01
2.7111111e+00 4.0388321e-01
2.7222222e+00 1.2661029e-01
2.7333333e+00 1.4971637e-01
2.7444444e+00 1.5228371e-01
2.7555556e+00 1.5485105e-01
2.7666667e+00 1.4714903e-01
2.7777778e+00 1.5228371e-01
2.7888889e+00 1.5741840e-01
2.8000000e+00 1.5228371e-01
2.8111111e+00 1.6255308e-01
2.8222222e+00 1.5741840e-01
2.8333333e+00 1.5228371e-01
2.8444444e+00 1.6255308e-01
2.8555556e+00 1.5741840e-01
2.8666667e+00 1.5228371e-01
2.8777778e+00 1.6512042e-01
2.8888889e+00 1.5741840e-01
2.9000000e+00 1.5485105e-01
2.9111111e+00 1.6255308e-01
2.9222222e+00 1.6512042e-01
2.9333333e+00 1.5228371e-01
2.9444444e+00 1.5485105e-01
2.9555556e+00 1.4971637e-01
2.9666667e+00 1.3944700e-01
2.9777778e+00 1.5228371e-01
2.9888889e+00 1.5228371e-01
3.0000000e+00 1.7282245e-01
3.0111111e+00 1.9336118e-01
3.0222222e+00 1.9849586e-01
3.0333333e+00 2.0106321e-01
3.0444444e+00 2.1389991e-01
3.0555556e+00 2.2160194e-01
3.0666667e+00 2.0619789e-01
3.0777778e+00 2.1389991e-01
3.0888889e+00 2.1903460e-01
3.1000000e+00 2.0363055e-01
3.1111111e+00 2.0619789e-01
3.1222222e+00 2.0619789e-01
3.1333333e+00 1.9592852e-01
3.1444444e+00 1.9849586e-01
3.1555556e+00 1.9592852e-01
3.1666667e+00 1.9336118e-01
3.1777778e+00 1.9592852e-01
3.1888889e+00 1.8309181e-01
3.2000000e+00 1.7795713e-01
3.2111111e+00 1.8822650e-01
3.2222222e+00 1.7795713e-01
3.2333333e+00 1.8052447e-01
3.2444444e+00 1.9336118e-01
3.2555556e+00 1.8565915e-01
3.2666667e+00 1.7538979e-01
3.2777778e+00 1.9079384e-01
3.2888889e+00 1.8822650e-01
3.3000000e+00 1.8309181e-01
3.3111111e+00 1.9079384e-01
3.3222222e+00 1.9592852e-01
3.3333333e+00 2.0619789e-01
3.3444444e+00 2.1903460e-01
3.3555556e+00 2.2930397e-01
3.3666667e+00 2.3443865e-01
3.3777778e+00 2.3443865e-01
3.3888889e+00 2.3957333e-01
3.4000000e+00 2.2930397e-01
3.4111111e+00 2.3700599e-01
3.4222222e+00 1.9849586e-01
3.4333333e+00 1.7538979e-01
3.4444444e+00 1.7538979e-01
3.4555556e+00 1.7282245e-01
3.4666667e+00 1.6512042e-01
3.4777778e+00 1.7282245e-01
3.4888889e+00 1.7025510e-01
3.5000000e+00 1.4971637e-01
3.5111111e+00 1.1120624e-01
3.5222222e+00 8.0398142e-02
3.5333333e+00 9.0667509e-02
3.5444444e+00 3.7307510e-01
3.5555556e+00 7.8384979e-01
3.5666667e+00 3.4996903e-01
3.5777778e+00 1.1890827e-01
3.5888889e+00 1.5228371e-01
3.6000000e+00 1.5228371e-01
3.6111111e+00 1.5485105e-01
3.6222222e+00 1.5741840e-01
3.6333333e+00 1.4714903e-01
3.6444444e+00 1.5741840e-01
3.6555556e+00 1.5998574e-01
3.6666667e+00 1.4714903e-01
3.6777778e+00 1.5485105e-01
3.6888889e+00 1.5998574e-01
3.7000000e+00 1.5485105e-01
3.7111111e+00 1.6512042e-01
3.7222222e+00 1.5998574e-01
3.7333333e+00 1.5228371e-01
3.7444444e+00 1.5485105e-01
3.7555556e+00 1.5998574e-01
3.7666667e+00 1.4458169e-01
3.7777778e+00 1.5741840e-01
3.7888889e+00 1.5998574e-01
3.8000000e+00 1.5228371e-01
3.8111111e+00 1.4714903e-01
3.8222222e+00 1.5228371e-01
3.8333333e+00 1.4201434e-01
3.8444444e+00 1.5485105e-01
