0.0000000e+00 0.0000000e+00
1.7990000e-01 0.0000000e+00
1.8000000e-01 9.0000000e-01
2.8000000e-01 9.0000000e-01
2.8010000e-01 0.0000000e+00
9.6878889e-01 0.0000000e+00
9.6888889e-01 9.0000000e-01
1.0688889e+00 9.0000000e-01
1.0689889e+00 0.0000000e+00
1.7410111e+00 0.0000000e+00
1.7411111e+00 9.0000000e-01
1.8411111e+00 9.0000000e-01
1.8412111e+00 0.0000000e+00
2.5799000e+00 0.0000000e+00
2.5800000e+00 9.0000000e-01
2.6800000e+00 9.0000000e-01
2.6801000e+00 0.0000000e+00
3.4354556e+00 0.0000000e+00
3.4355556e+00 9.0000000e-01
3.5355556e+00 9.0000000e-01
3.5356556e+00 0.0000000e+00
3.8527778e+00 0.0000000e+00
