0.0000000e+00 0.0000000e+00
2.4990000e-01 0.0000000e+00
2.5000000e-01 9.0000000e-01
4.0000000e-01 9.0000000e-01
4.0010000e-01 0.0000000e+00
1.0387889e+00 0.0000000e+00
1.0388889e+00 9.0000000e-01
1.1888889e+00 9.0000000e-01
1.1889889e+00 0.0000000e+00
1.8110111e+00 0.0000000e+00
1.8111111e+00 9.0000000e-01
1.9611111e+00 9.0000000e-01
1.9612111e+00 0.0000000e+00
2.6499000e+00 0.0000000e+00
2.6500000e+00 9.0000000e-01
2.8000000e+00 9.0000000e-01
2.8001000e+00 0.0000000e+00
3.5054556e+00 0.0000000e+00
3.5055556e+00 9.0000000e-01
3.6555556e+00 9.0000000e-01
3.6556556e+00 0.0000000e+00
3.8527778e+00 0.0000000e+00
