0.0000000e+00 0.0000000e+00
2.9990000e-01 0.0000000e+00
3.0000000e-01 9.0000000e-01
3.0500000e-01 9.0000000e-01
3.0510000e-01 0.0000000e+00
1.0887889e+00 0.0000000e+00
1.0888889e+00 9.0000000e-01
1.0938889e+00 9.0000000e-01
1.0939889e+00 0.0000000e+00
1.8610111e+00 0.0000000e+00
1.8611111e+00 9.0000000e-01
1.8661111e+00 9.0000000e-01
1.8662111e+00 0.0000000e+00
2.6999000e+00 0.0000000e+00
2.7000000e+00 9.0000000e-01
2.7050000e+00 9.0000000e-01
2.7051000e+00 0.0000000e+00
3.5554556e+00 0.0000000e+00
3.5555556e+00 9.0000000e-01
3.5605556e+00 9.0000000e-01
3.5606556e+00 0.0000000e+00
3.8527778e+00 0.0000000e+00
