0.0000000e+00 0.0000000e+00
4.9990000e-01 0.0000000e+00
5.0000000e-01 9.0000000e-01
5.0200000e-01 9.0000000e-01
5.0210000e-01 0.0000000e+00
1.2887889e+00 0.0000000e+00
1.2888889e+00 9.0000000e-01
1.2908889e+00 9.0000000e-01
1.2909889e+00 0.0000000e+00
2.0610111e+00 0.0000000e+00
2.0611111e+00 9.0000000e-01
2.0631111e+00 9.0000000e-01
2.0632111e+00 0.0000000e+00
2.8999000e+00 0.0000000e+00
2.9000000e+00 9.0000000e-01
2.9020000e+00 9.0000000e-01
2.9021000e+00 0.0000000e+00
3.7554556e+00 0.0000000e+00
3.7555556e+00 9.0000000e-01
3.7575556e+00 9.0000000e-01
3.7576556e+00 0.0000000e+00
3.8527778e+00 0.0000000e+00
