0.000000e+00 0.858622
2.777778e-03 0.857938
5.555556e-03 0.859306
8.333333e-03 0.858622
1.111111e-02 0.860674
1.388889e-02 0.859306
1.666667e-02 0.859306
1.944444e-02 0.858622
2.222222e-02 0.858622
2.500000e-02 0.860674
2.777778e-02 0.862042
3.055556e-02 0.859990
3.333333e-02 0.858622
3.611111e-02 0.857254
3.888889e-02 0.858622
4.166667e-02 0.859990
4.444444e-02 0.860674
4.722222e-02 0.862042
5.000000e-02 0.863410
5.277778e-02 0.862726
5.555556e-02 0.862726
5.833333e-02 0.863410
6.111111e-02 0.866145
6.388889e-02 0.866145
6.666667e-02 0.865462
6.944444e-02 0.869565
7.222222e-02 0.870249
7.500000e-02 0.872301
7.777778e-02 0.872985
8.055556e-02 0.872301
8.333333e-02 0.870933
8.611111e-02 0.868881
8.888889e-02 0.870249
9.166667e-02 0.869565
9.444444e-02 0.869565
9.722222e-02 0.869565
1.000000e-01 0.868881
1.027778e-01 0.868197
1.055556e-01 0.867513
1.083333e-01 0.868197
1.111111e-01 0.870249
1.138889e-01 0.871617
1.166667e-01 0.872301
1.194444e-01 0.866829
1.222222e-01 0.861358
1.250000e-01 0.861358
1.277778e-01 0.859306
1.305556e-01 0.857938
1.333333e-01 0.855203
1.361111e-01 0.855203
1.388889e-01 0.855887
1.416667e-01 0.857254
1.444444e-01 0.856570
1.472222e-01 0.857254
1.500000e-01 0.855887
1.527778e-01 0.853835
1.555556e-01 0.853151
1.583333e-01 0.853835
1.611111e-01 0.853835
1.638889e-01 0.852467
1.666667e-01 0.853151
1.694444e-01 0.851783
1.722222e-01 0.855203
1.750000e-01 0.854519
1.777778e-01 0.855203
1.805556e-01 0.856570
1.833333e-01 0.853151
1.861111e-01 0.851783
1.888889e-01 0.853835
1.916667e-01 0.855203
1.944444e-01 0.855887
1.972222e-01 0.855203
2.000000e-01 0.852467
2.027778e-01 0.850415
2.055556e-01 0.851099
2.083333e-01 0.848363
2.111111e-01 0.842208
2.138889e-01 0.839472
2.166667e-01 0.835369
2.194444e-01 0.830581
2.222222e-01 0.827161
2.250000e-01 0.831265
2.277778e-01 0.843576
2.305556e-01 0.859306
2.333333e-01 0.878456
2.361111e-01 0.898290
2.388889e-01 0.932487
2.416667e-01 0.967367
2.444444e-01 0.998828
2.472222e-01 1.020030
2.500000e-01 1.028921
2.527778e-01 1.024133
2.555556e-01 1.003615
2.583333e-01 0.967367
2.611111e-01 0.922912
2.638889e-01 0.885296
2.666667e-01 0.863410
2.694444e-01 0.846995
2.722222e-01 0.838788
2.750000e-01 0.835369
2.777778e-01 0.838104
2.805556e-01 0.842208
2.833333e-01 0.846995
2.861111e-01 0.846995
2.888889e-01 0.847679
2.916667e-01 0.846995
2.944444e-01 0.848363
2.972222e-01 0.848363
3.000000e-01 0.848363
3.027778e-01 0.846311
3.055556e-01 0.847679
3.083333e-01 0.847679
3.111111e-01 0.847679
3.138889e-01 0.849047
3.166667e-01 0.846311
3.194444e-01 0.844260
3.222222e-01 0.844260
3.250000e-01 0.845628
3.277778e-01 0.846311
3.305556e-01 0.846995
3.333333e-01 0.844944
3.361111e-01 0.846311
3.388889e-01 0.847679
3.416667e-01 0.849047
3.444444e-01 0.846995
3.472222e-01 0.846995
3.500000e-01 0.844944
3.527778e-01 0.844260
3.555556e-01 0.844260
3.583333e-01 0.846995
3.611111e-01 0.846995
3.638889e-01 0.846311
3.666667e-01 0.844944
3.694444e-01 0.843576
3.722222e-01 0.845628
3.750000e-01 0.844260
3.777778e-01 0.844944
3.805556e-01 0.844260
3.833333e-01 0.843576
3.861111e-01 0.844260
3.888889e-01 0.845628
3.916667e-01 0.845628
3.944444e-01 0.846311
3.972222e-01 0.846995
4.000000e-01 0.844944
4.027778e-01 0.844260
4.055556e-01 0.846995
4.083333e-01 0.846995
4.111111e-01 0.847679
4.138889e-01 0.847679
4.166667e-01 0.844260
4.194444e-01 0.844944
4.222222e-01 0.846311
4.250000e-01 0.846995
4.277778e-01 0.849047
4.305556e-01 0.846995
4.333333e-01 0.846311
4.361111e-01 0.844260
4.388889e-01 0.845628
4.416667e-01 0.846995
4.444444e-01 0.846995
4.472222e-01 0.847679
4.500000e-01 0.844944
4.527778e-01 0.843576
4.555556e-01 0.843576
4.583333e-01 0.845628
4.611111e-01 0.846311
4.638889e-01 0.844944
4.666667e-01 0.843576
4.694444e-01 0.842892
4.722222e-01 0.842892
4.750000e-01 0.844260
4.777778e-01 0.843576
4.805556e-01 0.842208
4.833333e-01 0.842892
4.861111e-01 0.840840
4.888889e-01 0.841524
4.916667e-01 0.841524
4.944444e-01 0.842892
4.972222e-01 0.841524
5.000000e-01 0.838788
5.027778e-01 0.838104
5.055556e-01 0.838788
5.083333e-01 0.840840
5.111111e-01 0.839472
5.138889e-01 0.838788
5.166667e-01 0.838104
5.194444e-01 0.836053
5.222222e-01 0.837420
5.250000e-01 0.838104
5.277778e-01 0.838788
5.305556e-01 0.838104
5.333333e-01 0.836053
5.361111e-01 0.835369
5.388889e-01 0.837420
5.416667e-01 0.838788
5.444444e-01 0.839472
5.472222e-01 0.840156
