# Python reference features for ECG beat from record 100
# Input voltage range: [0.8272, 1.0289] V

path1_raw: [0.858622, 0.858622, 0.860674, 0.865462, 0.870249, 0.870249, 0.855203, 0.853151, 0.855203, 0.852467, 0.827161, 0.998828, 0.86341 , 0.847679, 0.847679, 0.844944, 0.84426 , 0.844944, 0.844944, 0.846311,
 0.846995, 0.843576, 0.841524, 0.839472, 0.836053]
path2_hp08: [ 1.717244e-01, -2.847760e-05,  1.997084e-04, -1.138282e-04,  1.798324e-04,  4.309293e-04, -6.203604e-04, -2.288303e-04,  1.347299e-04, -5.663121e-04, -9.147789e-04,  7.999980e-03, -6.302122e-03,
  1.821452e-04,  7.676240e-06, -3.755036e-04, -4.432050e-05,  9.582275e-05, -3.770581e-04,  2.738232e-04,  6.205296e-05, -3.196527e-04,  5.786338e-05, -1.880686e-04, -4.308541e-04]
path3_hp015: [ 7.298289e-01,  1.985679e-01,  5.542033e-02,  1.711055e-02,  5.560408e-03,  2.486457e-03, -7.795437e-03, -4.239286e-03,  2.920369e-04, -1.934904e-03, -1.494388e-02,  9.871950e-02, -6.738540e-02,
 -1.987796e-02, -5.395426e-03, -2.864146e-03, -2.117917e-03, -5.574393e-04, -5.225066e-04,  4.084578e-04,  6.353959e-04, -1.693287e-03, -1.630436e-03, -1.352775e-03, -2.402267e-03]
path4_lp05: [0.429311, 0.85714 , 0.859955, 0.865411, 0.870217, 0.869204, 0.857411, 0.854137, 0.854691, 0.853811, 0.830995, 0.967922, 0.892022, 0.84669 , 0.847625, 0.845675, 0.844717, 0.844817, 0.845667, 0.845847,
 0.846644, 0.844427, 0.841701, 0.839697, 0.837119]
path5_lp008: [0.06869 , 0.453423, 0.651176, 0.754902, 0.811358, 0.839383, 0.850474, 0.852905, 0.853371, 0.853793, 0.846583, 0.878358, 0.914725, 0.879991, 0.864255, 0.855315, 0.850817, 0.848132, 0.846772, 0.84645 ,
 0.846513, 0.845746, 0.844165, 0.842176, 0.839959]
path6_bandpass: [ 3.606213e-01,  4.037171e-01,  2.087793e-01,  1.105090e-01,  5.885832e-02,  2.982126e-02,  6.936465e-03,  1.232313e-03,  1.320040e-03,  1.861785e-05, -1.558749e-02,  8.956377e-02, -2.270323e-02,
 -3.330102e-02, -1.663050e-02, -9.639735e-03, -6.100243e-03, -3.314743e-03, -1.105280e-03, -6.029324e-04,  1.309796e-04, -1.319611e-03, -2.464092e-03, -2.478947e-03, -2.840033e-03]
path7_rect_hp: [1.717244e-01, 2.847760e-05, 1.997084e-04, 1.138282e-04, 1.798324e-04, 4.309293e-04, 6.203604e-04, 2.288303e-04, 1.347299e-04, 5.663121e-04, 9.147789e-04, 7.999980e-03, 6.302122e-03, 1.821452e-04,
 7.676240e-06, 3.755036e-04, 4.432050e-05, 9.582275e-05, 3.770581e-04, 2.738232e-04, 6.205296e-05, 3.196527e-04, 5.786338e-05, 1.880686e-04, 4.308541e-04]
path8_2nd_deriv: [ 7.727600e-02, -5.683593e-05,  2.953937e-06, -1.528886e-04,  2.368421e-04,  1.946322e-04, -9.125364e-05,  4.371246e-05,  3.542478e-06, -2.687019e-04,  7.045109e-05,  1.067833e-04,  1.350087e-03,
 -1.328419e-04, -1.181462e-05, -2.428401e-04,  9.343130e-05,  7.893190e-05, -2.387507e-04,  1.939474e-04, -5.309600e-05, -1.188296e-04,  1.363950e-04, -1.886701e-04, -1.929891e-04]

energy_qrs: 35.199802
energy_pre: 34.182798
energy_post: 42.286166
qrs_max: 1.028921
qrs_min: 0.827161
qrs_amp: 0.201759
